       8
(6e12.5)
     0.0000e+00     0.0000e+00      0  0  0.00
     200   1.00000  0.0000e+00
-1.07206e-08-6.54536e-10 1.16386e-08 1.60735e-08-2.51944e-09-6.19735e-08
-1.77551e-07-3.55026e-07-5.86674e-07-8.49881e-07-1.10513e-06-1.29493e-06
-1.34378e-06-1.16301e-06-6.69947e-07 1.72615e-07 1.30148e-06 2.49755e-06
 3.36040e-06 3.44860e-06 2.58387e-06 1.05722e-06-3.85552e-07-1.24670e-06
-1.56447e-06-1.52834e-06-1.28960e-06-9.65977e-07-6.45965e-07-3.81474e-07
-1.90962e-07-7.02478e-08-3.73097e-09 2.73661e-08 3.93675e-08 4.33448e-08
 4.55913e-08 4.88247e-08 5.28925e-08 5.57596e-08 5.56433e-08 5.22063e-08
 4.62111e-08 3.88635e-08 3.12209e-08 2.41064e-08 1.81669e-08 1.39288e-08
 1.16256e-08 1.11218e-08 1.20650e-08 1.40802e-08 1.67917e-08 1.97535e-08
 2.25266e-08 2.47761e-08 2.62813e-08 2.68137e-08 2.61832e-08 2.43024e-08
 2.12295e-08 1.71767e-08 1.24434e-08 7.35680e-09 2.24236e-09-2.56591e-09
-6.73367e-09-9.97328e-09-1.20865e-08-1.29926e-08-1.27406e-08-1.15004e-08
-9.51501e-09-7.05442e-09-4.36909e-09-1.65599e-09 8.95882e-10 3.04760e-09
 4.53112e-09 5.11807e-09 4.67205e-09 3.18422e-09 7.97575e-10-2.18838e-09
-5.36887e-09-8.37694e-09-1.09950e-08-1.31039e-08-1.45730e-08-1.52391e-08
-1.49354e-08-1.35155e-08-1.09239e-08-7.28718e-09-2.90759e-09 1.80639e-09
 6.41010e-09 1.05213e-08 1.38865e-08 1.63398e-08 1.77559e-08 1.80485e-08
 1.71650e-08 1.51244e-08 1.20669e-08 8.22770e-09 3.91400e-09-4.97347e-10
-4.60380e-09-8.04575e-09-1.05681e-08-1.20343e-08-1.24285e-08-1.18617e-08
-1.05283e-08-8.65142e-09-6.46803e-09-4.21445e-09-2.10917e-09-3.70190e-10
 8.04393e-10 1.33161e-09 1.31170e-09 9.88337e-10 6.79189e-10 7.52797e-10
 1.56472e-09 3.31241e-09 5.93497e-09 9.12472e-09 1.24066e-08 1.52047e-08
 1.68724e-08 1.67510e-08 1.43338e-08 9.42253e-09 2.19458e-09-6.73172e-09
-1.62734e-08-2.49757e-08-3.12220e-08-3.36032e-08-3.13198e-08-2.44072e-08
-1.37575e-08-1.00921e-09 1.17095e-08 2.22209e-08 2.87842e-08 3.04601e-08
 2.73419e-08 2.05735e-08 1.20473e-08 3.89141e-09-2.09551e-09-4.98416e-09
-5.02555e-09-3.51330e-09-2.26619e-09-2.91335e-09-6.20417e-09-1.16635e-08
-1.77249e-08-2.22681e-08-2.33920e-08-2.01493e-08-1.29575e-08-3.44819e-09
 6.18950e-09 1.40289e-08 1.90646e-08 2.14364e-08 2.21024e-08 2.21315e-08
 2.20179e-08 2.13625e-08 1.90936e-08 1.41619e-08 6.32707e-09-3.48681e-09
-1.34865e-08-2.17348e-08-2.68985e-08-2.86445e-08-2.74876e-08-2.42173e-08
-1.93200e-08-1.28582e-08-4.91140e-09 3.83560e-09 1.19108e-08 1.74890e-08
 1.91978e-08 1.68353e-08 1.15411e-08 5.27924e-09 4.40703e-12-2.99907e-09
-3.39011e-09-1.83153e-09
     0.0000e+00     0.0000e+00      0  0  0.00
     200   1.00000  0.0000e+00
 1.27019e-08 1.79586e-08 2.49611e-08 3.30983e-08 4.14902e-08 4.90109e-08
 5.41301e-08 5.46585e-08 4.84450e-08 3.45074e-08 1.20321e-08-2.25615e-08
-7.56265e-08-1.51927e-07-2.47829e-07-3.45196e-07-4.08875e-07-3.89656e-07
-2.35796e-07 5.76225e-08 3.70161e-07 5.28493e-07 4.91973e-07 3.72264e-07
 2.48977e-07 1.33622e-07 3.50991e-08-3.72697e-08-8.37495e-08-1.10392e-07
-1.22949e-07-1.25207e-07-1.19693e-07-1.08129e-07-9.14793e-08-7.04049e-08
-4.67443e-08-2.32719e-08-2.90934e-09 1.18621e-08 2.05332e-08 2.44376e-08
 2.51915e-08 2.38367e-08 2.09800e-08 1.71380e-08 1.28941e-08 8.86043e-09
 5.33302e-09 2.27249e-09-5.15709e-10-3.23588e-09-5.82206e-09-7.93942e-09
-9.25646e-09-9.49278e-09-8.49957e-09-6.41753e-09-3.55994e-09-2.44712e-10
 3.26095e-09 6.64053e-09 9.50528e-09 1.14794e-08 1.23213e-08 1.20551e-08
 1.09530e-08 9.37345e-09 7.60449e-09 5.76737e-09 3.81598e-09 1.64560e-09
-7.77571e-10-3.34210e-09-5.77570e-09-7.71658e-09-8.87324e-09-9.16271e-09
-8.72255e-09-7.77943e-09-6.51292e-09-5.01095e-09-3.31126e-09-1.44786e-09
 5.40828e-10 2.57222e-09 4.43760e-09 5.83405e-09 6.56197e-09 6.66369e-09
 6.32090e-09 5.64789e-09 4.61342e-09 3.14538e-09 1.29830e-09-6.83931e-10
-2.49299e-09-3.94967e-09-5.05637e-09-5.89161e-09-6.48272e-09-6.74569e-09
-6.52562e-09-5.69978e-09-4.25700e-09-2.33415e-09-1.99017e-10 1.84560e-09
 3.58850e-09 4.96622e-09 6.00435e-09 6.71384e-09 7.04001e-09 6.88190e-09
 6.14882e-09 4.80770e-09 2.90859e-09 6.03525e-10-1.84581e-09-4.11293e-09
-5.91651e-09-7.10835e-09-7.65544e-09-7.56806e-09-6.86473e-09-5.57551e-09
-3.74624e-09-1.45288e-09 1.14327e-09 3.75322e-09 6.00249e-09 7.53724e-09
 8.12591e-09 7.72564e-09 6.50474e-09 4.78134e-09 2.89341e-09 1.10350e-09
-4.05072e-10-1.49797e-09-2.10891e-09-2.27024e-09-2.07691e-09-1.65369e-09
-1.21635e-09-1.11694e-09-1.70303e-09-3.05442e-09-4.84127e-09-6.43129e-09
-7.17391e-09-6.68908e-09-4.97714e-09-2.33236e-09 7.89102e-10 3.85259e-09
 6.32103e-09 7.75443e-09 7.92277e-09 6.90127e-09 5.06704e-09 2.97331e-09
 1.15592e-09-6.37739e-11-6.99539e-10-1.06894e-09-1.59696e-09-2.55819e-09
-3.91462e-09-5.32189e-09-6.27879e-09-6.34715e-09-5.34908e-09-3.45490e-09
-1.11996e-09 1.10671e-09 2.82290e-09 3.92764e-09 4.58003e-09 5.00264e-09
 5.28938e-09 5.33965e-09 4.92484e-09 3.84288e-09 2.09992e-09 2.90140e-12
-1.94778e-09-3.31486e-09-3.93194e-09-3.90922e-09-3.47729e-09-2.81872e-09
-1.99700e-09-1.01445e-09 5.96116e-11 1.00813e-09 1.53825e-09 1.48567e-09
 9.72503e-10 3.62014e-10
     0.0000e+00     0.0000e+00      0  0  0.00
     200   1.00000  0.0000e+00
-4.62575e-07-4.74739e-07-4.20641e-07-2.78746e-07-4.49781e-08 2.52957e-07
 5.44526e-07 7.35838e-07 7.68159e-07 6.41146e-07 4.15416e-07 1.94507e-07
 6.51490e-08 5.16312e-08 1.27981e-07 2.45371e-07 3.50202e-07 3.90957e-07
 3.29790e-07 1.66149e-07-5.15623e-08-2.39321e-07-3.26184e-07-3.04253e-07
-2.33513e-07-2.06786e-07-2.48787e-07-2.91052e-07-2.90187e-07-2.57808e-07
-2.09637e-07-1.52648e-07-9.32450e-08-3.78119e-08 9.44283e-09 4.58880e-08
 7.00780e-08 8.20402e-08 8.32310e-08 7.64821e-08 6.51534e-08 5.21477e-08
 3.95082e-08 2.84415e-08 1.95107e-08 1.28584e-08 8.41960e-09 6.05175e-09
 5.55777e-09 6.69879e-09 9.18334e-09 1.26409e-08 1.66102e-08 2.05785e-08
 2.40403e-08 2.65498e-08 2.77451e-08 2.73749e-08 2.53389e-08 2.17091e-08
 1.67111e-08 1.06816e-08 4.02515e-09-2.82292e-09-9.42847e-09-1.53810e-08
-2.03065e-08-2.38894e-08-2.59047e-08-2.62411e-08-2.49050e-08-2.20170e-08
-1.78077e-08-1.26027e-08-6.79426e-09-8.09881e-10 4.91792e-09 9.98214e-09
 1.40333e-08 1.68073e-08 1.81405e-08 1.79760e-08 1.63599e-08 1.34353e-08
 9.43729e-09 4.68664e-09-4.30877e-10-5.50175e-09-1.01239e-08-1.39404e-08
-1.66676e-08-1.81140e-08-1.81844e-08-1.68770e-08-1.42836e-08-1.05921e-08
-6.08581e-09-1.12663e-09 3.88410e-09 8.55549e-09 1.25433e-08 1.55638e-08
 1.73990e-08 1.79095e-08 1.70502e-08 1.48771e-08 1.15497e-08 7.34044e-09
 2.62540e-09-2.17346e-09-6.66642e-09-1.05331e-08-1.35062e-08-1.53533e-08
-1.58942e-08-1.50483e-08-1.28775e-08-9.59202e-09-5.50959e-09-1.00025e-09
 3.54655e-09 7.74241e-09 1.12315e-08 1.37244e-08 1.50201e-08 1.50213e-08
 1.37452e-08 1.13242e-08 7.99608e-09 4.08233e-09-4.59865e-11-4.01129e-09
-7.48280e-09-1.02236e-08-1.21040e-08-1.30864e-08-1.32043e-08-1.25429e-08
-1.12168e-08-9.35018e-09-7.05885e-09-4.43803e-09-1.55488e-09 1.54806e-09
 4.82280e-09 8.16449e-09 1.13715e-08 1.41411e-08 1.61030e-08 1.68860e-08
 1.62047e-08 1.39405e-08 1.01874e-08 5.25786e-09-3.51069e-10-6.02565e-09
-1.11318e-08-1.51256e-08-1.76476e-08-1.85663e-08-1.79653e-08-1.60833e-08
-1.32241e-08-9.66245e-09-5.58899e-09-1.13214e-09 3.55732e-09 8.22999e-09
 1.25268e-08 1.60321e-08 1.83554e-08 1.92099e-08 1.84750e-08 1.62283e-08
 1.27368e-08 8.39995e-09 3.65591e-09-1.10585e-09-5.57830e-09-9.51244e-09
-1.26725e-08-1.48165e-08-1.57312e-08-1.53093e-08-1.36176e-08-1.09039e-08
-7.54062e-09-3.93636e-09-4.60100e-10 2.59246e-09 4.99158e-09 6.55842e-09
 7.17418e-09 6.82310e-09 5.64553e-09 3.95318e-09 2.17471e-09 7.41000e-10
-5.54169e-11-1.92926e-10
     0.0000e+00     0.0000e+00      0  0  0.00
     200   1.00000  0.0000e+00
-7.50574e-08-1.04485e-07-1.38541e-07-1.68837e-07-1.81406e-07-1.58089e-07
-8.15470e-08 4.45420e-08 1.66574e-07 2.06680e-07 1.39187e-07 1.57332e-08
-8.29747e-08-8.70114e-08 4.00151e-08 2.90277e-07 6.13108e-07 9.16930e-07
 1.07287e-06 9.51352e-07 4.77211e-07-2.96620e-07-1.11859e-06-1.61994e-06
-1.52961e-06-9.41438e-07-2.79470e-07 1.64573e-07 3.98407e-07 4.87820e-07
 4.62642e-07 3.60314e-07 2.29474e-07 1.07976e-07 1.56662e-08-4.13636e-08
-6.60076e-08-6.65074e-08-5.29687e-08-3.42228e-08-1.62031e-08-1.92896e-09
 7.72787e-09 1.32045e-08 1.55568e-08 1.58452e-08 1.48591e-08 1.31351e-08
 1.10355e-08 8.85353e-09 6.86386e-09 5.29836e-09 4.28753e-09 3.82659e-09
 3.78860e-09 3.97521e-09 4.16785e-09 4.19288e-09 3.95570e-09 3.43469e-09
 2.66163e-09 1.69298e-09 5.85895e-10-5.95618e-10-1.77796e-09-2.88977e-09
-3.86782e-09-4.66066e-09-5.23699e-09-5.58315e-09-5.69145e-09-5.55639e-09
-5.18081e-09-4.58046e-09-3.78613e-09-2.84434e-09-1.81586e-09-7.70408e-10
 2.17609e-10 1.07354e-09 1.73399e-09 2.15789e-09 2.32733e-09 2.24711e-09
 1.94439e-09 1.46503e-09 8.67068e-10 2.10847e-10-4.46544e-10-1.04840e-09
-1.53608e-09-1.85493e-09-1.96531e-09-1.85390e-09-1.53663e-09-1.05125e-09
-4.45768e-10 2.30167e-10 9.25376e-10 1.58425e-09 2.15238e-09 2.58366e-09
 2.83806e-09 2.88173e-09 2.69918e-09 2.30235e-09 1.72283e-09 9.98899e-10
 1.78195e-10-6.72517e-10-1.47747e-09-2.17515e-09-2.72230e-09-3.08419e-09
-3.23582e-09-3.16456e-09-2.86667e-09-2.35446e-09-1.66599e-09-8.56530e-10
 1.36012e-11 8.77973e-10 1.66876e-09 2.33191e-09 2.83045e-09 3.14023e-09
 3.25076e-09 3.16260e-09 2.88225e-09 2.42566e-09 1.82113e-09 1.10620e-09
 3.29640e-10-4.52441e-10-1.19200e-09-1.84785e-09-2.38028e-09-2.75512e-09
-2.93782e-09-2.89780e-09-2.61794e-09-2.09917e-09-1.36817e-09-4.82256e-10
 4.75014e-10 1.40643e-09 2.21503e-09 2.81592e-09 3.14487e-09 3.16199e-09
 2.85451e-09 2.24381e-09 1.39092e-09 3.87206e-10-6.66136e-10-1.67373e-09
-2.55749e-09-3.26740e-09-3.77681e-09-4.06345e-09-4.10332e-09-3.88054e-09
-3.39031e-09-2.63351e-09-1.62404e-09-4.09387e-10 9.22723e-10 2.26314e-09
 3.50159e-09 4.53395e-09 5.27301e-09 5.66428e-09 5.68700e-09 5.34583e-09
 4.66799e-09 3.69702e-09 2.48256e-09 1.08586e-09-4.06842e-10-1.88753e-09
-3.23972e-09-4.35071e-09-5.12934e-09-5.52151e-09-5.50855e-09-5.10014e-09
-4.33430e-09-3.27514e-09-2.01174e-09-6.62666e-10 6.31769e-10 1.72890e-09
 2.50174e-09 2.86719e-09 2.81183e-09 2.39395e-09 1.74008e-09 1.02616e-09
 4.34930e-10 9.59516e-11
     0.0000e+00     0.0000e+00      0  0  0.00
     200   1.00000  0.0000e+00
 4.82890e-07 4.97654e-07 4.23264e-07 2.27623e-07-9.79933e-08-5.18329e-07
-9.36646e-07-1.20991e-06-1.21422e-06-8.91827e-07-3.21571e-07 2.61834e-07
 6.32840e-07 7.07471e-07 5.21840e-07 1.84701e-07-1.60907e-07-3.70514e-07
-3.42332e-07-6.83565e-08 3.29045e-07 6.09097e-07 5.34965e-07 8.33270e-08
-4.69945e-07-7.25608e-07-5.70367e-07-2.62302e-07-5.56473e-09 1.78228e-07
 2.95235e-07 3.39966e-07 3.22010e-07 2.63462e-07 1.85413e-07 1.05746e-07
 3.82267e-08-9.89013e-09-3.77823e-08-4.91901e-08-4.94231e-08-4.33758e-08
-3.47762e-08-2.60233e-08-1.84173e-08-1.25043e-08-8.38860e-09-5.95128e-09
-4.94594e-09-5.10457e-09-6.19198e-09-7.99838e-09-1.02832e-08-1.27681e-08
-1.51619e-08-1.71809e-08-1.85534e-08-1.90521e-08-1.85543e-08-1.70734e-08
-1.47313e-08-1.17206e-08-8.25504e-09-4.53297e-09-7.30080e-10 2.97554e-09
 6.36436e-09 9.18399e-09 1.12075e-08 1.22944e-08 1.24088e-08 1.16043e-08
 1.00026e-08 7.76937e-09 5.09417e-09 2.18049e-09-7.56895e-10-3.49597e-09
-5.82366e-09-7.55881e-09-8.57498e-09-8.81424e-09-8.28064e-09-7.02440e-09
-5.13503e-09-2.74963e-09-5.79263e-11 2.71266e-09 5.32960e-09 7.59077e-09
 9.34708e-09 1.05035e-08 1.10006e-08 1.07943e-08 9.85844e-09 8.21348e-09
 5.96500e-09 3.31497e-09 5.19994e-10-2.18573e-09-4.64172e-09-6.74771e-09
-8.42046e-09-9.57433e-09-1.01219e-08-9.97531e-09-9.08280e-09-7.51498e-09
-5.50502e-09-3.34691e-09-1.23429e-09 7.81868e-10 2.68596e-09 4.37961e-09
 5.67157e-09 6.37144e-09 6.40412e-09 5.84463e-09 4.84440e-09 3.54120e-09
 2.04155e-09 4.51516e-10-1.11060e-09-2.51999e-09-3.65273e-09-4.40275e-09
-4.69704e-09-4.50048e-09-3.82323e-09-2.72882e-09-1.33212e-09 2.15481e-10
 1.76177e-09 3.19164e-09 4.42172e-09 5.36415e-09 5.91381e-09 5.97002e-09
 5.47532e-09 4.44750e-09 2.98211e-09 1.22709e-09-6.57711e-10-2.53751e-09
-4.30758e-09-5.86446e-09-7.08057e-09-7.81532e-09-7.95380e-09-7.44500e-09
-6.32431e-09-4.70611e-09-2.73844e-09-5.52250e-10 1.74445e-09 4.02933e-09
 6.13932e-09 7.88834e-09 9.10726e-09 9.67392e-09 9.53241e-09 8.70921e-09
 7.30485e-09 5.43921e-09 3.19596e-09 6.44672e-10-2.07144e-09-4.70208e-09
-6.97521e-09-8.71238e-09-9.85569e-09-1.04020e-08-1.03285e-08-9.58461e-09
-8.15865e-09-6.14771e-09-3.74750e-09-1.17575e-09 1.38477e-09 3.78732e-09
 5.89845e-09 7.57999e-09 8.69395e-09 9.14063e-09 8.89569e-09 8.00965e-09
 6.58442e-09 4.75292e-09 2.67188e-09 5.28127e-10-1.46335e-09-3.08856e-09
-4.17140e-09-4.60434e-09-4.38035e-09-3.61143e-09-2.51809e-09-1.39099e-09
-5.18425e-10-7.72034e-11
     0.0000e+00     0.0000e+00      0  0  0.00
     200   1.00000  0.0000e+00
-3.74937e-08-6.86398e-08-1.25366e-07-2.08820e-07-3.09826e-07-4.04528e-07
-4.53575e-07-4.18562e-07-2.90962e-07-9.15253e-08 1.36168e-07 3.44779e-07
 5.05670e-07 6.12362e-07 6.65885e-07 6.60417e-07 5.80300e-07 4.20092e-07
 2.11200e-07 2.58068e-08-7.70746e-08-9.93027e-08-9.83267e-08-1.47825e-07
-2.89444e-07-4.57183e-07-5.10171e-07-4.18170e-07-2.72594e-07-1.39612e-07
-3.43042e-08 3.86749e-08 7.79672e-08 9.09131e-08 8.85929e-08 7.89259e-08
 6.57677e-08 5.11140e-08 3.65391e-08 2.35908e-08 1.34361e-08 6.51690e-09
 2.57461e-09 9.25663e-10 7.51765e-10 1.31793e-09 2.11210e-09 2.89762e-09
 3.66199e-09 4.48992e-09 5.43896e-09 6.48799e-09 7.55634e-09 8.54155e-09
 9.34403e-09 9.87568e-09 1.00640e-08 9.86308e-09 9.26886e-09 8.32346e-09
 7.10333e-09 5.69583e-09 4.17529e-09 2.58837e-09 9.57455e-10-6.94402e-10
-2.30998e-09-3.78401e-09-4.99037e-09-5.83605e-09-6.29963e-09-6.42473e-09
-6.28488e-09-5.94880e-09-5.45666e-09-4.80973e-09-3.99012e-09-3.01206e-09
-1.96096e-09-9.75090e-10-1.79096e-10 3.73559e-10 7.05783e-10 8.80583e-10
 9.56755e-10 9.60462e-10 8.78216e-10 6.75480e-10 3.41893e-10-6.80581e-11
-4.43274e-10-6.76320e-10-7.24198e-10-6.16539e-10-4.15432e-10-1.67709e-10
 1.16408e-10 4.51801e-10 8.49132e-10 1.29017e-09 1.72406e-09 2.07960e-09
 2.28765e-09 2.31318e-09 2.17811e-09 1.93841e-09 1.62383e-09 1.21353e-09
 6.89305e-10 9.77518e-11-4.71226e-10-9.59332e-10-1.36719e-09-1.71166e-09
-1.97469e-09-2.09526e-09-2.01214e-09-1.72982e-09-1.33397e-09-9.24345e-10
-5.39648e-10-1.56267e-10 2.54275e-10 6.75744e-10 1.03703e-09 1.24912e-09
 1.26679e-09 1.11289e-09 8.50812e-10 5.41772e-10 2.15933e-10-1.26653e-10
-4.88014e-10-8.50012e-10-1.16955e-09-1.38203e-09-1.42698e-09-1.28495e-09
-9.85311e-10-5.81789e-10-1.22058e-10 3.66966e-10 8.70706e-10 1.37264e-09
 1.84263e-09 2.22649e-09 2.44897e-09 2.44835e-09 2.21701e-09 1.79837e-09
 1.24563e-09 5.94119e-10-1.35650e-10-9.26904e-10-1.74900e-09-2.53346e-09
-3.18047e-09-3.60598e-09-3.77394e-09-3.68334e-09-3.35076e-09-2.80879e-09
-2.08535e-09-1.17722e-09-8.10272e-11 1.13464e-09 2.32249e-09 3.34419e-09
 4.14529e-09 4.73559e-09 5.11637e-09 5.23942e-09 5.02956e-09 4.45014e-09
 3.55059e-09 2.43887e-09 1.21103e-09-7.63382e-11-1.37572e-09-2.61954e-09
-3.71888e-09-4.57671e-09-5.11587e-09-5.30466e-09-5.15090e-09-4.67800e-09
-3.91457e-09-2.90307e-09-1.71761e-09-4.67952e-10 7.21467e-10 1.73219e-09
 2.45939e-09 2.82778e-09 2.81375e-09 2.45367e-09 1.84513e-09 1.14095e-09
 5.21235e-10 1.33883e-10
     0.0000e+00     0.0000e+00      0  0  0.00
     200   1.00000  0.0000e+00
 6.83177e-09 2.20813e-08 3.71609e-08 4.57348e-08 3.90637e-08 8.12569e-09
-5.21208e-08-1.30684e-07-1.87519e-07-1.71561e-07-6.06085e-08 1.28885e-07
 3.63424e-07 6.02444e-07 7.95029e-07 8.67977e-07 7.30918e-07 3.09473e-07
-3.88331e-07-1.21852e-06-1.93413e-06-2.17853e-06-1.68967e-06-5.50824e-07
 7.33736e-07 1.50337e-06 1.54055e-06 1.19049e-06 7.75859e-07 3.84138e-07
 5.18314e-08-1.77468e-07-2.92650e-07-3.16306e-07-2.81333e-07-2.17150e-07
-1.46030e-07-8.25022e-08-3.39251e-08-1.82661e-09 1.61036e-08 2.39173e-08
 2.56842e-08 2.45058e-08 2.22885e-08 1.98932e-08 1.74250e-08 1.46432e-08
 1.13051e-08 7.32215e-09 2.79936e-09-1.99650e-09-6.70958e-09-1.09787e-08
-1.45004e-08-1.70516e-08-1.84875e-08-1.87478e-08-1.78586e-08-1.59215e-08
-1.30955e-08-9.58878e-09-5.65644e-09-1.57552e-09 2.38896e-09 5.99772e-09
 9.04092e-09 1.13472e-08 1.27964e-08 1.33254e-08 1.29303e-08 1.16671e-08
 9.64736e-09 7.03408e-09 4.03253e-09 8.73550e-10-2.20743e-09-4.99277e-09
-7.29254e-09-8.95193e-09-9.86920e-09-1.00029e-08-9.36621e-09-8.02327e-09
-6.08760e-09-3.71461e-09-1.08590e-09 1.60507e-09 4.16082e-09 6.39535e-09
 8.15128e-09 9.30797e-09 9.79196e-09 9.58438e-09 8.71659e-09 7.26527e-09
 5.34389e-09 3.09458e-09 6.87000e-10-1.69857e-09-3.89831e-09-5.76426e-09
-7.15980e-09-7.98965e-09-8.22501e-09-7.88536e-09-7.00804e-09-5.65560e-09
-3.94557e-09-2.03852e-09-8.81046e-11 1.77168e-09 3.40565e-09 4.69030e-09
 5.53696e-09 5.88990e-09 5.73618e-09 5.12000e-09 4.11310e-09 2.78984e-09
 1.25490e-09-3.50307e-10-1.88220e-09-3.21228e-09-4.22684e-09-4.83921e-09
-5.00255e-09-4.70582e-09-3.97510e-09-2.87289e-09-1.48514e-09 7.14858e-11
 1.65232e-09 3.12359e-09 4.36707e-09 5.26854e-09 5.74729e-09 5.75930e-09
 5.29328e-09 4.38136e-09 3.08420e-09 1.49174e-09-2.74109e-10-2.07321e-09
-3.76611e-09-5.22050e-09-6.31228e-09-6.94480e-09-7.06526e-09-6.65328e-09
-5.71925e-09-4.32160e-09-2.56173e-09-5.63146e-10 1.53433e-09 3.57410e-09
 5.39496e-09 6.85383e-09 7.84272e-09 8.28593e-09 8.13517e-09 7.38163e-09
 6.07021e-09 4.29674e-09 2.18548e-09-1.31122e-10-2.50364e-09-4.75415e-09
-6.70685e-09-8.22425e-09-9.20463e-09-9.57823e-09-9.31698e-09-8.43100e-09
-6.97043e-09-5.04232e-09-2.79546e-09-3.85394e-10 2.02661e-09 4.26936e-09
 6.18418e-09 7.64021e-09 8.53405e-09 8.80289e-09 8.43904e-09 7.48288e-09
 6.01854e-09 4.17744e-09 2.12562e-09 5.62345e-11-1.81515e-09-3.28999e-09
-4.21952e-09-4.51365e-09-4.17995e-09-3.34589e-09-2.23791e-09-1.14967e-09
-3.59497e-10-1.28793e-11
     0.0000e+00     0.0000e+00      0  0  0.00
     200   1.00000  0.0000e+00
 3.17733e-08 5.66311e-08 1.17831e-07 2.20314e-07 3.53477e-07 4.83842e-07
 5.53480e-07 4.98082e-07 2.82476e-07-8.77890e-08-5.38132e-07-9.37514e-07
-1.18191e-06-1.22846e-06-1.07104e-06-7.13696e-07-1.76515e-07 4.58008e-07
 9.95089e-07 1.15670e-06 7.85444e-07 1.02378e-08-7.81216e-07-1.13032e-06
-7.75065e-07 2.69158e-08 6.53918e-07 8.38916e-07 7.72645e-07 6.25747e-07
 4.41015e-07 2.50708e-07 9.07562e-08-2.70490e-08-1.08115e-07-1.57481e-07
-1.77452e-07-1.72603e-07-1.51053e-07-1.22253e-07-9.39877e-08-7.07643e-08
-5.39029e-08-4.25512e-08-3.48196e-08-2.87604e-08-2.30421e-08-1.71939e-08
-1.14362e-08-6.27593e-09-2.14625e-09 7.41353e-10 2.37815e-09 2.87597e-09
 2.40065e-09 1.16454e-09-5.65378e-10-2.50181e-09-4.40504e-09-6.12498e-09
-7.58636e-09-8.73681e-09-9.49409e-09-9.71695e-09-9.22581e-09-7.88637e-09
-5.71758e-09-2.93935e-09 1.02526e-10 3.09308e-09 5.86546e-09 8.39452e-09
 1.07077e-08 1.27890e-08 1.45147e-08 1.56417e-08 1.58914e-08 1.51211e-08
 1.34522e-08 1.12237e-08 8.79515e-09 6.36641e-09 3.94991e-09 1.47399e-09
-1.08327e-09-3.61055e-09-5.85435e-09-7.49820e-09-8.32518e-09-8.36065e-09
-7.85616e-09-7.10473e-09-6.24779e-09-5.24294e-09-3.98386e-09-2.44973e-09
-7.75265e-10 7.92807e-10 2.01104e-09 2.74778e-09 3.01839e-09 2.95053e-09
 2.70536e-09 2.37316e-09 1.90460e-09 1.18284e-09 2.13432e-10-7.93145e-10
-1.58998e-09-2.11357e-09-2.45882e-09-2.67326e-09-2.66410e-09-2.30818e-09
-1.60718e-09-7.30964e-10 9.34327e-11 7.77629e-10 1.43561e-09 2.20627e-09
 3.04021e-09 3.70078e-09 3.95062e-09 3.71757e-09 3.13258e-09 2.42160e-09
 1.72275e-09 1.01264e-09 1.86605e-10-8.13944e-10-1.91861e-09-2.94511e-09
-3.70652e-09-4.10125e-09-4.13942e-09-3.92965e-09-3.59960e-09-3.19177e-09
-2.64885e-09-1.89330e-09-9.17894e-10 1.81372e-10 1.24930e-09 2.13744e-09
 2.75843e-09 3.12385e-09 3.33385e-09 3.47919e-09 3.53458e-09 3.38095e-09
 2.93350e-09 2.22225e-09 1.37155e-09 5.43356e-10-1.37768e-10-6.63245e-10
-1.12370e-09-1.58251e-09-1.99777e-09-2.27416e-09-2.32865e-09-2.10808e-09
-1.64746e-09-1.12647e-09-7.53498e-10-5.43593e-10-3.02842e-10 1.17018e-10
 6.22122e-10 9.69298e-10 1.00752e-09 8.05119e-10 5.70954e-10 4.51883e-10
 3.99597e-10 2.60769e-10-2.30586e-11-3.54761e-10-5.96223e-10-6.78532e-10
-6.22579e-10-5.08307e-10-4.00562e-10-2.88040e-10-1.16851e-10 1.31097e-10
 4.08661e-10 6.35998e-10 7.62537e-10 7.90670e-10 7.36295e-10 6.02157e-10
 3.98156e-10 1.48155e-10-1.19304e-10-3.57540e-10-5.01767e-10-5.01804e-10
-3.61163e-10-1.54658e-10
