       8
(6e12.5)
     0.0000e+00     0.0000e+00      0  0  0.00
     512   0.50000  0.0000e+00
 1.46503e-08 1.81206e-08 1.12675e-08 8.54972e-09 2.82032e-09-4.81890e-10
-5.15139e-09-7.86217e-09-1.09145e-08-1.22843e-08-1.33500e-08-1.30806e-08
-1.22833e-08-1.07185e-08-8.89413e-09-7.18303e-09-5.99638e-09-6.12129e-09
-7.96943e-09-1.25004e-08-2.00902e-08-3.15731e-08-4.71153e-08-6.71586e-08
-9.12676e-08-1.18998e-07-1.49405e-07-1.81134e-07-2.12422e-07-2.41171e-07
-2.65087e-07-2.81799e-07-2.88926e-07-2.84191e-07-2.65515e-07-2.31125e-07
-1.79709e-07-1.10680e-07-2.44938e-08 7.69706e-08 1.90072e-07 3.09069e-07
 4.25909e-07 5.30127e-07 6.09470e-07 6.52233e-07 6.49661e-07 5.96413e-07
 4.91096e-07 3.39045e-07 1.56763e-07-3.01720e-08-1.97762e-07-3.24413e-07
-3.91342e-07-3.94442e-07-3.47020e-07-2.72790e-07-1.97618e-07-1.39568e-07
-1.01856e-07-7.42514e-08-4.33300e-08-3.91964e-09 3.77124e-08 7.10816e-08
 9.12506e-08 1.01493e-07 1.06729e-07 1.06823e-07 9.89523e-08 8.33416e-08
 6.31322e-08 4.07614e-08 1.73246e-08-5.40897e-09-2.53378e-08-4.19490e-08
-5.53529e-08-6.50449e-08-7.08979e-08-7.34426e-08-7.32322e-08-7.08020e-08
-6.66755e-08-6.12766e-08-5.49349e-08-4.79161e-08-4.04577e-08-3.27677e-08
-2.50667e-08-1.75939e-08-1.05662e-08-4.18093e-09 1.37436e-09 5.92995e-09
 9.35288e-09 1.15512e-08 1.24759e-08 1.21540e-08 1.06951e-08 8.29380e-09
 5.22174e-09 1.79446e-09-1.62402e-09-4.63598e-09-6.84909e-09-7.91842e-09
-7.53469e-09-5.43227e-09-1.50229e-09 4.12927e-09 1.11174e-08 1.88745e-08
 2.66225e-08 3.35175e-08 3.88293e-08 4.22359e-08 4.37117e-08 4.32015e-08
 4.05864e-08 3.58037e-08 2.90536e-08 2.10262e-08 1.26800e-08 4.74312e-09
-2.38174e-09-8.46099e-09-1.33679e-08-1.70504e-08-1.94991e-08-2.08425e-08
-2.13989e-08-2.15122e-08-2.13991e-08-2.11892e-08-2.09481e-08-2.06586e-08
-2.02725e-08-1.97558e-08-1.90787e-08-1.82156e-08-1.71887e-08-1.60664e-08
-1.49118e-08-1.37656e-08-1.26645e-08-1.16234e-08-1.06216e-08-9.62096e-09
-8.57864e-09-7.45920e-09-6.22223e-09-4.81709e-09-3.19755e-09-1.32656e-09
 8.19672e-10 3.23499e-09 5.89318e-09 8.76648e-09 1.18103e-08 1.49583e-08
 1.81411e-08 2.12832e-08 2.42701e-08 2.69193e-08 2.89973e-08 3.02595e-08
 3.04927e-08 2.95541e-08 2.74239e-08 2.42582e-08 2.03198e-08 1.58375e-08
 1.09754e-08 5.89880e-09 8.37360e-10-3.86953e-09-7.85244e-09-1.08837e-08
-1.29232e-08-1.40200e-08-1.42344e-08-1.36347e-08-1.23251e-08-1.04824e-08
-8.35551e-09-6.19319e-09-4.17553e-09-2.42176e-09-1.02247e-09-3.58929e-11
 5.18781e-10 6.55214e-10 4.26232e-10-8.70726e-11-8.04743e-10-1.64578e-09
-2.51458e-09-3.31105e-09-3.95974e-09-4.41676e-09-4.65297e-09-4.65813e-09
-4.43447e-09-3.98780e-09-3.33443e-09-2.50286e-09-1.53422e-09-4.73385e-10
 6.27460e-10 1.70419e-09 2.69368e-09 3.53902e-09 4.19941e-09 4.65113e-09
 4.88313e-09 4.92264e-09 4.82754e-09 4.64040e-09 4.36488e-09 3.97413e-09
 3.43042e-09 2.69347e-09 1.74080e-09 5.88737e-10-7.03186e-10-2.03803e-09
-3.31044e-09-4.43336e-09-5.33565e-09-5.95326e-09-6.21607e-09-6.06174e-09
-5.49641e-09-4.62195e-09-3.59120e-09-2.55154e-09-1.61509e-09-8.51750e-10
-3.06712e-10-2.92079e-11-6.37288e-11-4.05858e-10-9.92451e-10-1.73219e-09
-2.53079e-09-3.30210e-09-3.97257e-09-4.47630e-09-4.75396e-09-4.76563e-09
-4.50798e-09-4.00817e-09-3.30663e-09-2.46207e-09-1.54982e-09-6.41873e-10
 2.01171e-10 9.33413e-10 1.53780e-09 2.02458e-09 2.40940e-09 2.70430e-09
 2.92902e-09 3.11485e-09 3.29091e-09 3.47359e-09 3.66678e-09 3.86126e-09
 4.04051e-09 4.19535e-09 4.33181e-09 4.46442e-09 4.59698e-09 4.71340e-09
 4.78015e-09 4.75275e-09 4.58683e-09 4.25336e-09 3.75031e-09 3.10022e-09
 2.35094e-09 1.57058e-09 8.25687e-10 1.68412e-10-3.52614e-10-6.77780e-10
-7.40564e-10-4.87461e-10 9.79841e-11 9.81286e-10 2.09162e-09 3.34483e-09
 4.65116e-09 5.91706e-09 7.04148e-09 7.91855e-09 8.45772e-09 8.61084e-09
 8.38287e-09 7.81878e-09 6.98594e-09 5.96081e-09 4.82507e-09 3.66805e-09
 2.57999e-09 1.63203e-09 8.56243e-10 2.47871e-10-2.19633e-10-5.85898e-10
-8.99776e-10-1.21844e-09-1.60220e-09-2.10257e-09-2.75027e-09-3.54973e-09
-4.48644e-09-5.52828e-09-6.61634e-09-7.67030e-09-8.60535e-09-9.34731e-09
-9.84044e-09-1.00498e-08-9.95973e-09-9.57027e-09-8.89979e-09-7.99178e-09
-6.91851e-09-5.77474e-09-4.66608e-09-3.69866e-09-2.96826e-09-2.55000e-09
-2.49480e-09-2.82777e-09-3.54344e-09-4.60259e-09-5.93373e-09-7.44219e-09
-9.02040e-09-1.05567e-08-1.19481e-08-1.31141e-08-1.40076e-08-1.46160e-08
-1.49508e-08-1.50313e-08-1.48727e-08-1.44842e-08-1.38708e-08-1.30328e-08
-1.19607e-08-1.06283e-08-8.99907e-09-7.04349e-09-4.75293e-09-2.14493e-09
 7.35791e-10 3.82058e-09 7.02343e-09 1.02455e-08 1.33758e-08 1.62963e-08
 1.88946e-08 2.10723e-08 2.27494e-08 2.38663e-08 2.43864e-08 2.42979e-08
 2.36173e-08 2.23917e-08 2.06935e-08 1.86086e-08 1.62273e-08 1.36391e-08
 1.09262e-08 8.16185e-09 5.41046e-09 2.73174e-09 1.84862e-10-2.16822e-09
-4.26330e-09-6.03946e-09-7.44608e-09-8.44596e-09-9.01489e-09-9.14159e-09
-8.82940e-09-8.10191e-09-7.00459e-09-5.59727e-09-3.94552e-09-2.11437e-09
-1.67503e-10 1.83086e-09 3.81861e-09 5.74065e-09 7.55084e-09 9.20883e-09
 1.06741e-08 1.19020e-08 1.28461e-08 1.34646e-08 1.37244e-08 1.36027e-08
 1.30856e-08 1.21692e-08 1.08638e-08 9.19979e-09 7.22924e-09 5.01961e-09
 2.64581e-09 1.87383e-10-2.27547e-09-4.66818e-09-6.92675e-09-9.00191e-09
-1.08618e-08-1.24899e-08-1.38780e-08-1.50197e-08-1.59072e-08-1.65313e-08
-1.68844e-08-1.69612e-08-1.67583e-08-1.62731e-08-1.55036e-08-1.44505e-08
-1.31207e-08-1.15289e-08-9.69880e-09-7.66363e-09-5.46708e-09-3.16303e-09
-8.14419e-10 1.50912e-09 3.73293e-09 5.77854e-09 7.56642e-09 9.01929e-09
 1.00663e-08 1.06494e-08 1.07302e-08 1.02935e-08 9.34839e-09 7.92703e-09
 6.07840e-09 3.86045e-09 1.33477e-09-1.43721e-09-4.39469e-09-7.47356e-09
-1.06040e-08-1.37143e-08-1.67403e-08-1.96307e-08-2.23447e-08-2.48463e-08
-2.71003e-08-2.90714e-08-3.07281e-08-3.20422e-08-3.29822e-08-3.35006e-08
-3.35266e-08-3.29687e-08-3.17247e-08-2.96924e-08-2.67798e-08-2.29124e-08
-1.80402e-08-1.21478e-08-5.26276e-09 2.53998e-09 1.11411e-08 2.03816e-08
 3.00667e-08 3.99693e-08 4.98351e-08 5.93874e-08 6.83316e-08 7.63608e-08
 8.31628e-08 8.84284e-08 9.18610e-08 9.31855e-08 9.21276e-08 8.84799e-08
 8.21269e-08 7.30407e-08 6.13171e-08 4.71601e-08 3.09467e-08 1.31676e-08
-5.47764e-09-2.42054e-08-4.20295e-08-5.79693e-08-7.09187e-08-7.99387e-08
-8.41385e-08-8.30299e-08-7.64299e-08-6.48256e-08-4.93233e-08-3.19357e-08
-1.55224e-08-3.86054e-09
     0.0000e+00     0.0000e+00      0  0  0.00
     512   0.50000  0.0000e+00
-1.91564e-09-3.92995e-09-4.57660e-09-5.07791e-09-4.71292e-09-4.09967e-09
-3.07126e-09-2.11940e-09-1.22211e-09-6.68254e-10-4.28862e-10-5.79011e-10
-1.02109e-09-1.65305e-09-2.32669e-09-2.85795e-09-3.11760e-09-2.94275e-09
-2.27605e-09-1.04114e-09 7.08661e-10 2.90966e-09 5.37106e-09 7.88695e-09
 1.01383e-08 1.17992e-08 1.25505e-08 1.21306e-08 1.03659e-08 7.16905e-09
 2.52397e-09-3.54211e-09-1.09778e-08-1.97264e-08-2.96925e-08-4.06688e-08
-5.22388e-08-6.36931e-08-7.40019e-08-8.18259e-08-8.55850e-08-8.35039e-08
-7.37290e-08-5.44439e-08-2.43770e-08 1.59866e-08 6.34272e-08 1.12401e-07
 1.55964e-07 1.87472e-07 2.00862e-07 1.91527e-07 1.59012e-07 1.07674e-07
 4.69601e-08-1.14657e-08-5.73691e-08-8.50761e-08-9.60953e-08-9.79991e-08
-9.99124e-08-1.06625e-07-1.15866e-07-1.20628e-07-1.14872e-07-9.75290e-08
-7.13124e-08-3.96247e-08-4.95237e-09 3.02516e-08 6.13305e-08 8.28403e-08
 9.24108e-08 9.16799e-08 8.30840e-08 6.84772e-08 5.06447e-08 3.23893e-08
 1.53895e-08 9.77138e-10-9.76560e-09-1.67230e-08-2.03085e-08-2.09962e-08
-1.94341e-08-1.63005e-08-1.22025e-08-7.68782e-09-3.16031e-09 1.15106e-09
 5.09512e-09 8.55337e-09 1.14410e-08 1.36951e-08 1.52676e-08 1.61265e-08
 1.62510e-08 1.56670e-08 1.44709e-08 1.27587e-08 1.05751e-08 7.93179e-09
 4.79303e-09 1.02584e-09-3.59079e-09-9.25554e-09-1.60494e-08-2.38933e-08
-3.26023e-08-4.18468e-08-5.09621e-08-5.88757e-08-6.42218e-08-6.54547e-08
-6.09291e-08-4.93213e-08-3.05379e-08-6.57411e-09 1.92412e-08 4.35240e-08
 6.30450e-08 7.51967e-08 7.87755e-08 7.43823e-08 6.38302e-08 4.92057e-08
 3.27496e-08 1.65276e-08 2.02937e-09-9.60478e-09-1.76208e-08-2.19524e-08
-2.31399e-08-2.19295e-08-1.90456e-08-1.52136e-08-1.10805e-08-7.17243e-09
-3.93955e-09-1.64168e-09-2.85346e-10 2.55404e-10 1.56130e-10-3.60542e-10
-1.04106e-09-1.65020e-09-1.99553e-09-1.96816e-09-1.61931e-09-1.13289e-09
-6.96524e-10-4.22463e-10-3.73051e-10-5.98544e-10-1.12787e-09-1.96682e-09
-3.11213e-09-4.56815e-09-6.33100e-09-8.33460e-09-1.04459e-08-1.25410e-08
-1.46127e-08-1.66675e-08-1.85415e-08-1.99138e-08-2.03506e-08-1.92268e-08
-1.56966e-08-9.07595e-09 5.32221e-10 1.19585e-08 2.34488e-08 3.32838e-08
 3.99226e-08 4.22683e-08 4.00007e-08 3.36158e-08 2.42218e-08 1.32013e-08
 2.06396e-09-7.79236e-09-1.54184e-08-2.02431e-08-2.20118e-08-2.09650e-08
-1.77850e-08-1.33042e-08-8.28592e-09-3.36739e-09 1.00533e-09 4.62407e-09
 7.39897e-09 9.29285e-09 1.03879e-08 1.08417e-08 1.07888e-08 1.03364e-08
 9.58337e-09 8.60029e-09 7.42196e-09 6.07699e-09 4.58777e-09 2.96072e-09
 1.22859e-09-5.25893e-10-2.21492e-09-3.80250e-09-5.32971e-09-6.87947e-09
-8.50898e-09-1.02182e-08-1.19472e-08-1.35542e-08-1.47785e-08-1.53131e-08
-1.49886e-08-1.39186e-08-1.24211e-08-1.07725e-08-9.10080e-09-7.37786e-09
-5.36511e-09-2.60204e-09 1.37168e-09 6.63680e-09 1.26964e-08 1.86459e-08
 2.35224e-08 2.64662e-08 2.68496e-08 2.45088e-08 1.97852e-08 1.33864e-08
 6.20681e-09-8.06542e-10-6.76104e-09-1.10165e-08-1.32541e-08-1.34107e-08
-1.17496e-08-8.85791e-09-5.42911e-09-2.05936e-09 8.21731e-10 2.94738e-09
 4.23822e-09 4.76467e-09 4.64428e-09 4.04212e-09 3.16737e-09 2.18804e-09
 1.20304e-09 2.67748e-10-5.94772e-10-1.38676e-09-2.10352e-09-2.71339e-09
-3.20223e-09-3.59912e-09-3.93230e-09-4.20384e-09-4.41480e-09-4.58672e-09
-4.75223e-09-4.92905e-09-5.09903e-09-5.20029e-09-5.15398e-09-4.89421e-09
-4.35343e-09-3.48489e-09-2.34299e-09-1.10725e-09 3.00182e-11 9.82302e-10
 1.74851e-09 2.39705e-09 3.12231e-09 4.21830e-09 5.90142e-09 8.11342e-09
 1.04791e-08 1.24456e-08 1.34869e-08 1.32336e-08 1.15560e-08 8.61806e-09
 4.81555e-09 6.81554e-10-3.18169e-09-6.21355e-09-8.02220e-09-8.46674e-09
-7.62481e-09-5.71582e-09-3.09637e-09-2.03778e-10 2.57005e-09 4.92168e-09
 6.61892e-09 7.50877e-09 7.53711e-09 6.72906e-09 5.15978e-09 2.98013e-09
 4.18123e-10-2.29248e-09-4.95016e-09-7.38907e-09-9.50815e-09-1.12825e-08
-1.27225e-08-1.38244e-08-1.45711e-08-1.49470e-08-1.49257e-08-1.44759e-08
-1.35935e-08-1.23088e-08-1.06845e-08-8.80549e-09-6.75201e-09-4.57693e-09
-2.30245e-09 7.94591e-11 2.61579e-09 5.34925e-09 8.22093e-09 1.10300e-08
 1.35057e-08 1.54148e-08 1.66001e-08 1.69893e-08 1.66270e-08 1.56522e-08
 1.41905e-08 1.22585e-08 9.77189e-09 6.62900e-09 2.78941e-09-1.68215e-09
-6.59626e-09-1.16446e-08-1.64468e-08-2.05922e-08-2.36613e-08-2.52825e-08
-2.52017e-08-2.33366e-08-1.97975e-08-1.48632e-08-8.96020e-09-2.62677e-09
 3.59065e-09 9.23564e-09 1.39843e-08 1.76560e-08 2.01986e-08 2.16531e-08
 2.21219e-08 2.17576e-08 2.07515e-08 1.92856e-08 1.75014e-08 1.55018e-08
 1.33461e-08 1.10511e-08 8.62094e-09 6.07114e-09 3.43170e-09 7.45319e-10
-1.91790e-09-4.45787e-09-6.78224e-09-8.84296e-09-1.06393e-08-1.21950e-08
-1.35185e-08-1.45721e-08-1.52641e-08-1.54586e-08-1.50067e-08-1.38048e-08
-1.18649e-08-9.33193e-09-6.42173e-09-3.33813e-09-2.36637e-10 2.77459e-09
 5.63881e-09 8.33289e-09 1.08073e-08 1.29424e-08 1.45629e-08 1.54915e-08
 1.56066e-08 1.48861e-08 1.34257e-08 1.14273e-08 9.16103e-09 6.92168e-09
 4.99143e-09 3.58983e-09 2.81816e-09 2.64347e-09 2.92165e-09 3.43817e-09
 3.94897e-09 4.21609e-09 4.04722e-09 3.32037e-09 1.98902e-09 8.51813e-11
-2.29180e-09-4.99748e-09-7.85398e-09-1.06590e-08-1.32066e-08-1.53224e-08
-1.68913e-08-1.78591e-08-1.82261e-08-1.80322e-08-1.73339e-08-1.61911e-08
-1.46702e-08-1.28430e-08-1.07668e-08-8.47344e-09-5.99283e-09-3.38209e-09
-7.29915e-10 1.85551e-09 4.26935e-09 6.43356e-09 8.29853e-09 9.83642e-09
 1.10444e-08 1.19401e-08 1.25324e-08 1.27963e-08 1.26858e-08 1.21645e-08
 1.12205e-08 9.86491e-09 8.13263e-09 6.08050e-09 3.76383e-09 1.20967e-09
-1.58510e-09-4.63225e-09-7.92106e-09-1.13888e-08-1.49076e-08-1.82942e-08
-2.13350e-08-2.38137e-08-2.55395e-08-2.63796e-08-2.62955e-08-2.53580e-08
-2.37261e-08-2.16082e-08-1.92221e-08-1.67611e-08-1.43669e-08-1.21108e-08
-9.99509e-09-7.96084e-09-5.90142e-09-3.69222e-09-1.22268e-09 1.59284e-09
 4.81945e-09 8.49997e-09 1.26418e-08 1.72050e-08 2.20917e-08 2.71425e-08
 3.21554e-08 3.69185e-08 4.12284e-08 4.48961e-08 4.77591e-08 4.96911e-08
 5.05957e-08 5.03887e-08 4.89875e-08 4.63183e-08 4.23346e-08 3.70499e-08
 3.05467e-08 2.29673e-08 1.45124e-08 5.43457e-09-3.96220e-09-1.33414e-08
-2.23082e-08-3.04158e-08-3.71574e-08-4.20441e-08-4.46381e-08-4.46578e-08
-4.20170e-08-3.69434e-08-2.99964e-08-2.21164e-08-1.44469e-08-8.01961e-09
-3.43829e-09-8.75430e-10
     0.0000e+00     0.0000e+00      0  0  0.00
     512   0.50000  0.0000e+00
-7.17716e-09-1.60447e-08-2.28117e-08-3.21662e-08-4.14809e-08-5.23435e-08
-6.32669e-08-7.49683e-08-8.63941e-08-9.76673e-08-1.07919e-07-1.16798e-07
-1.23493e-07-1.27312e-07-1.27509e-07-1.23293e-07-1.14134e-07-9.94824e-08
-7.92981e-08-5.36795e-08-2.34354e-08 1.02520e-08 4.53607e-08 7.93591e-08
 1.09055e-07 1.31436e-07 1.43926e-07 1.44321e-07 1.31761e-07 1.07725e-07
 7.54874e-08 3.96985e-08 5.76260e-09-2.13204e-08-3.83379e-08-4.45267e-08
-4.11916e-08-3.06673e-08-1.51349e-08 3.90368e-09 2.53802e-08 4.80206e-08
 6.99366e-08 8.88157e-08 1.02808e-07 1.10994e-07 1.13182e-07 1.09325e-07
 9.96890e-08 8.55691e-08 6.89367e-08 5.17984e-08 3.58727e-08 2.21507e-08
 1.09994e-08 1.96504e-09-6.18196e-09-1.46575e-08-2.39344e-08-3.31953e-08
-4.03051e-08-4.23678e-08-3.74199e-08-2.61539e-08-1.27275e-08-3.13995e-09
-1.32267e-09-6.17779e-09-1.31392e-08-1.90499e-08-2.40057e-08-2.88073e-08
-3.30118e-08-3.59415e-08-3.76594e-08-3.82185e-08-3.73637e-08-3.53103e-08
-3.25128e-08-2.91909e-08-2.56824e-08-2.23851e-08-1.94559e-08-1.70224e-08
-1.51830e-08-1.39042e-08-1.31665e-08-1.28862e-08-1.29254e-08-1.31883e-08
-1.35701e-08-1.39930e-08-1.43796e-08-1.46298e-08-1.46639e-08-1.44049e-08
-1.37951e-08-1.27803e-08-1.13145e-08-9.36987e-09-6.93132e-09-4.00746e-09
-6.29199e-10 3.15077e-09 7.25796e-09 1.15880e-08 1.60060e-08 2.03471e-08
 2.44185e-08 2.80076e-08 3.08948e-08 3.28710e-08 3.37618e-08 3.34549e-08
 3.19240e-08 2.92444e-08 2.55911e-08 2.12058e-08 1.63432e-08 1.12533e-08
 6.19012e-09 1.41285e-09-2.83202e-09-6.35497e-09-9.07368e-09-1.10129e-08
-1.22629e-08-1.29485e-08-1.32119e-08-1.32010e-08-1.30613e-08-1.29234e-08
-1.28790e-08-1.29688e-08-1.31907e-08-1.35151e-08-1.38933e-08-1.42658e-08
-1.45707e-08-1.47470e-08-1.47417e-08-1.45179e-08-1.40572e-08-1.33553e-08
-1.24175e-08-1.12542e-08-9.87827e-09-8.30520e-09-6.55442e-09-4.64805e-09
-2.60889e-09-4.59888e-10 1.77419e-09 4.06336e-09 6.36969e-09 8.64715e-09
 1.08450e-08 1.29116e-08 1.47955e-08 1.64440e-08 1.78050e-08 1.88293e-08
 1.94688e-08 1.96701e-08 1.93761e-08 1.85389e-08 1.71360e-08 1.51837e-08
 1.27456e-08 9.93270e-09 6.89334e-09 3.79153e-09 7.83261e-10-1.98900e-09
-4.38917e-09-6.28803e-09-7.57820e-09-8.20091e-09-8.16926e-09-7.56144e-09
-6.48976e-09-5.07815e-09-3.45567e-09-1.75397e-09-1.01469e-10 1.38831e-09
 2.63223e-09 3.58599e-09 4.23733e-09 4.59290e-09 4.67198e-09 4.50507e-09
 4.13121e-09 3.59471e-09 2.94150e-09 2.21470e-09 1.45326e-09 6.94214e-10
-2.65423e-11-6.77078e-10-1.23273e-09-1.67836e-09-2.00862e-09-2.22475e-09
-2.33056e-09-2.33090e-09-2.23192e-09-2.04198e-09-1.77317e-09-1.44237e-09
-1.07059e-09-6.81125e-10-2.97710e-10 5.71597e-11 3.64671e-10 6.11803e-10
 7.90405e-10 8.91219e-10 8.97299e-10 7.85527e-10 5.34892e-10 1.33867e-10
-4.15731e-10-1.09591e-09-1.87175e-09-2.69398e-09-3.50513e-09-4.24970e-09
-4.87967e-09-5.35030e-09-5.61617e-09-5.63646e-09-5.38890e-09-4.88505e-09
-4.17234e-09-3.31767e-09-2.38831e-09-1.44438e-09-5.39897e-10 2.75229e-10
 9.57304e-10 1.47650e-09 1.82409e-09 2.01033e-09 2.05348e-09 1.97123e-09
 1.77910e-09 1.49175e-09 1.12443e-09 6.94043e-10 2.17339e-10-2.91941e-10
-8.22024e-10-1.35898e-09-1.88569e-09-2.38479e-09-2.84154e-09-3.24447e-09
-3.58377e-09-3.84892e-09-4.02811e-09-4.10989e-09-4.08450e-09-3.94379e-09
-3.68134e-09-3.29392e-09-2.78268e-09-2.15278e-09-1.41186e-09-5.69152e-10
 3.64470e-10 1.37560e-09 2.44686e-09 3.55502e-09 4.66851e-09 5.74723e-09
 6.74715e-09 7.62840e-09 8.36235e-09 8.93465e-09 9.34367e-09 9.59710e-09
 9.70894e-09 9.69600e-09 9.57630e-09 9.37031e-09 9.10126e-09 8.79086e-09
 8.45205e-09 8.08303e-09 7.66893e-09 7.19132e-09 6.63703e-09 5.99932e-09
 5.27495e-09 4.46256e-09 3.56517e-09 2.59595e-09 1.58245e-09 5.63050e-10
-4.21975e-10-1.33672e-09-2.14992e-09-2.83404e-09-3.36632e-09-3.73094e-09
-3.92145e-09-3.94139e-09-3.80198e-09-3.51906e-09-3.11221e-09-2.60513e-09
-2.02490e-09-1.40080e-09-7.63288e-10-1.42724e-10 4.31513e-10 9.30632e-10
 1.32607e-09 1.58995e-09 1.69539e-09 1.61669e-09 1.33007e-09 8.15600e-10
 6.00721e-11-9.39871e-10-2.17516e-09-3.62395e-09-5.25362e-09-7.02421e-09
-8.89237e-09-1.08133e-08-1.27391e-08-1.46169e-08-1.63905e-08-1.80051e-08
-1.94117e-08-2.05690e-08-2.14437e-08-2.20093e-08-2.22468e-08-2.21439e-08
-2.16953e-08-2.09045e-08-1.97877e-08-1.83751e-08-1.67095e-08-1.48406e-08
-1.28183e-08-1.06901e-08-8.50185e-09-6.29798e-09-4.11880e-09-1.99589e-09
 5.10712e-11 2.01305e-09 3.88682e-09 5.67086e-09 7.36392e-09 8.96458e-09
 1.04707e-08 1.18787e-08 1.31825e-08 1.43726e-08 1.54354e-08 1.63557e-08
 1.71175e-08 1.77048e-08 1.81014e-08 1.82914e-08 1.82611e-08 1.80013e-08
 1.75100e-08 1.67922e-08 1.58596e-08 1.47292e-08 1.34224e-08 1.19634e-08
 1.03788e-08 8.69758e-09 6.95201e-09 5.17748e-09 3.41236e-09 1.69694e-09
 7.16037e-11-1.42492e-09-2.75647e-09-3.88933e-09-4.79147e-09-5.43237e-09
-5.78462e-09-5.82675e-09-5.54608e-09-4.94069e-09-4.02011e-09-2.80505e-09
-1.32741e-09 3.70100e-10 2.23465e-09 4.20436e-09 6.20997e-09 8.17732e-09
 1.00305e-08 1.16962e-08 1.31079e-08 1.42092e-08 1.49552e-08 1.53124e-08
 1.52596e-08 1.47899e-08 1.39118e-08 1.26482e-08 1.10326e-08 9.10508e-09
 6.91049e-09 4.49770e-09 1.91957e-09-7.68165e-10-3.50896e-09-6.24740e-09
-8.92947e-09-1.15012e-08-1.39080e-08-1.60948e-08-1.80088e-08-1.96009e-08
-2.08267e-08-2.16476e-08-2.20315e-08-2.19544e-08-2.14022e-08-2.03732e-08
-1.88793e-08-1.69472e-08-1.46184e-08-1.19481e-08-9.00353e-09-5.86303e-09
-2.61388e-09 6.50439e-10 3.83341e-09 6.83850e-09 9.57194e-09 1.19459e-08
 1.38827e-08 1.53186e-08 1.62063e-08 1.65141e-08 1.62242e-08 1.53316e-08
 1.38430e-08 1.17762e-08 9.15845e-09 6.02583e-09 2.42300e-09-1.59595e-09
-5.96719e-09-1.06172e-08-1.54624e-08-2.04082e-08-2.53489e-08-3.01682e-08
-3.47424e-08-3.89435e-08-4.26423e-08-4.57109e-08-4.80252e-08-4.94677e-08
-4.99320e-08-4.93265e-08-4.75782e-08-4.46344e-08-4.04656e-08-3.50667e-08
-2.84589e-08-2.06913e-08-1.18413e-08-2.01542e-09 8.65040e-09 1.99902e-08
 3.18069e-08 4.38713e-08 5.59221e-08 6.76664e-08 7.87825e-08 8.89233e-08
 9.77223e-08 1.04802e-07 1.09787e-07 1.12315e-07 1.12012e-07 1.08576e-07
 1.01810e-07 9.16306e-08 7.81100e-08 6.14676e-08 4.21487e-08 2.07521e-08
-1.85623e-09-2.46998e-08-4.65519e-08-6.61915e-08-8.22525e-08-9.35794e-08
-9.90849e-08-9.81751e-08-9.06332e-08-7.70464e-08-5.87405e-08-3.81125e-08
-1.85744e-08-4.63588e-09
     0.0000e+00     0.0000e+00      0  0  0.00
     512   0.50000  0.0000e+00
-1.28682e-08-1.80552e-08-1.38456e-08-1.24006e-08-7.55072e-09-4.04930e-09
 1.11895e-09 4.89407e-09 8.95493e-09 1.13715e-08 1.30525e-08 1.29614e-08
 1.15806e-08 8.61076e-09 4.34321e-09-9.72714e-10-7.10728e-09-1.34509e-08
-1.97149e-08-2.50479e-08-2.90260e-08-3.06994e-08-2.95627e-08-2.47154e-08
-1.60627e-08-4.12349e-09 9.32205e-09 2.16399e-08 2.99234e-08 3.18630e-08
 2.63249e-08 1.38006e-08-2.97534e-09-1.95349e-08-3.09941e-08-3.35661e-08
-2.57294e-08-8.22291e-09 1.69870e-08 4.78962e-08 8.26042e-08 1.18504e-07
 1.51694e-07 1.77365e-07 1.90992e-07 1.88943e-07 1.68626e-07 1.29005e-07
 7.14481e-08 6.05597e-10-7.62878e-08-1.50094e-07-2.10574e-07-2.48148e-07
-2.56365e-07-2.33935e-07-1.85097e-07-1.20253e-07-5.36973e-08 2.73891e-11
 3.04170e-08 3.54877e-08 2.34660e-08 9.70385e-09 8.01039e-09 2.17166e-08
 4.16586e-08 5.49172e-08 5.63107e-08 5.05103e-08 4.34902e-08 3.63390e-08
 2.82036e-08 2.00930e-08 1.31360e-08 6.93974e-09 1.53137e-09-2.46464e-09
-5.17864e-09-6.86770e-09-7.42946e-09-7.15707e-09-6.33097e-09-4.97088e-09
-3.31918e-09-1.56639e-09 1.77212e-10 1.69846e-09 2.94243e-09 3.91371e-09
 4.62340e-09 5.10508e-09 5.28405e-09 5.10682e-09 4.53401e-09 3.52872e-09
 2.06621e-09 1.23315e-10-2.26283e-09-5.01732e-09-8.00635e-09-1.10304e-08
-1.38377e-08-1.61514e-08-1.76952e-08-1.82072e-08-1.74708e-08-1.53416e-08
-1.17693e-08-6.79802e-09-5.81124e-10 6.59124e-09 1.42919e-08 2.19800e-08
 2.90293e-08 3.47762e-08 3.85930e-08 4.00160e-08 3.88716e-08 3.53050e-08
 2.97481e-08 2.28598e-08 1.54221e-08 8.20459e-09 1.83769e-09-3.24193e-09
-6.80318e-09-8.81992e-09-9.43123e-09-8.89135e-09-7.52783e-09-5.68701e-09
-3.67821e-09-1.74278e-09-5.26716e-11 1.28285e-09 2.20982e-09 2.71561e-09
 2.81763e-09 2.55303e-09 1.96265e-09 1.07738e-09-8.65102e-11-1.52629e-09
-3.24995e-09-5.26857e-09-7.58449e-09-1.01844e-08-1.30368e-08-1.60888e-08
-1.92685e-08-2.24889e-08-2.56522e-08-2.86522e-08-3.13750e-08-3.36999e-08
-3.55001e-08-3.66412e-08-3.69852e-08-3.64022e-08-3.47869e-08-3.20709e-08
-2.82261e-08-2.32691e-08-1.72824e-08-1.04400e-08-3.02447e-09 4.56619e-09
 1.18233e-08 1.81643e-08 2.30213e-08 2.59667e-08 2.68136e-08 2.56434e-08
 2.27833e-08 1.87583e-08 1.42017e-08 9.74577e-09 5.92439e-09 3.11356e-09
 1.50541e-09 1.10449e-09 1.76023e-09 3.21718e-09 5.15917e-09 7.26269e-09
 9.25236e-09 1.09303e-08 1.21755e-08 1.29322e-08 1.31992e-08 1.30161e-08
 1.24510e-08 1.15930e-08 1.05381e-08 9.37230e-09 8.16204e-09 6.95293e-09
 5.76871e-09 4.61289e-09 3.47516e-09 2.33935e-09 1.19087e-09 2.54121e-11
-1.14664e-09-2.30490e-09-3.42583e-09-4.48407e-09-5.44838e-09-6.27759e-09
-6.91875e-09-7.30861e-09-7.37915e-09-7.06706e-09-6.32705e-09-5.14508e-09
-3.54138e-09-1.55776e-09 7.58505e-10 3.35101e-09 6.13506e-09 8.98276e-09
 1.17111e-08 1.40690e-08 1.57420e-08 1.64035e-08 1.58028e-08 1.38464e-08
 1.06307e-08 6.43279e-09 1.67692e-09-3.13072e-09-7.48767e-09-1.09720e-08
-1.32960e-08-1.43338e-08-1.41252e-08-1.28502e-08-1.07826e-08-8.24659e-09
-5.57384e-09-3.05271e-09-8.92660e-10 7.82501e-10 1.92500e-09 2.54986e-09
 2.71904e-09 2.52464e-09 2.07869e-09 1.50199e-09 9.03322e-10 3.63198e-10
-6.97892e-11-3.77724e-10-5.69655e-10-6.73047e-10-7.23511e-10-7.56796e-10
-8.00335e-10-8.64600e-10-9.42585e-10-1.01773e-09-1.07016e-09-1.07671e-09
-1.00780e-09-8.25290e-10-4.84712e-10 5.81306e-11 8.38898e-10 1.87608e-09
 3.16037e-09 4.64755e-09 6.26646e-09 7.94114e-09 9.60891e-09 1.12175e-08
 1.27094e-08 1.40094e-08 1.50113e-08 1.55670e-08 1.54978e-08 1.46380e-08
 1.28961e-08 1.02992e-08 7.00324e-09 3.27495e-09-5.43312e-10-4.08598e-09
-7.02135e-09-9.09800e-09-1.01789e-08-1.02597e-08-9.46431e-09-8.01825e-09
-6.20741e-09-4.33794e-09-2.69577e-09-1.50492e-09-9.03316e-10-9.41523e-10
-1.59370e-09-2.77522e-09-4.36410e-09-6.22111e-09-8.20413e-09-1.01818e-08
-1.20509e-08-1.37457e-08-1.52370e-08-1.65274e-08-1.76440e-08-1.86280e-08
-1.95255e-08-2.03811e-08-2.12308e-08-2.20937e-08-2.29712e-08-2.38522e-08
-2.47170e-08-2.55354e-08-2.62624e-08-2.68344e-08-2.71727e-08-2.71916e-08
-2.68087e-08-2.59558e-08-2.45898e-08-2.27005e-08-2.03053e-08-1.74328e-08
-1.41121e-08-1.03765e-08-6.27827e-09-1.89889e-09 2.64184e-09 7.18137e-09
 1.15274e-08 1.54932e-08 1.89406e-08 2.18107e-08 2.41309e-08 2.60041e-08
 2.75823e-08 2.90320e-08 3.04975e-08 3.20712e-08 3.37704e-08 3.55259e-08
 3.71895e-08 3.85610e-08 3.94262e-08 3.95943e-08 3.89310e-08 3.73847e-08
 3.49964e-08 3.18888e-08 2.82452e-08 2.42842e-08 2.02329e-08 1.63031e-08
 1.26759e-08 9.48966e-09 6.83031e-09 4.72744e-09 3.16060e-09 2.07016e-09
 1.37075e-09 9.67281e-10 7.68736e-10 6.96284e-10 6.88408e-10 7.04664e-10
 7.23874e-10 7.35473e-10 7.31323e-10 7.03747e-10 6.47771e-10 5.63701e-10
 4.56167e-10 3.28549e-10 1.76817e-10-1.42330e-11-2.73113e-10-6.41074e-10
-1.16326e-09-1.87267e-09-2.77883e-09-3.86971e-09-5.12274e-09-6.51552e-09
-8.03434e-09-9.68051e-09-1.14666e-08-1.33989e-08-1.54545e-08-1.75659e-08
-1.96176e-08-2.14569e-08-2.29139e-08-2.38281e-08-2.40743e-08-2.35839e-08
-2.23606e-08-2.04875e-08-1.81205e-08-1.54645e-08-1.27429e-08-1.01656e-08
-7.90177e-09-6.06109e-09-4.68492e-09-3.75171e-09-3.19095e-09-2.90068e-09
-2.76593e-09-2.67486e-09-2.53021e-09-2.25753e-09-1.81170e-09-1.18027e-09
-3.80453e-10 5.47585e-10 1.54878e-09 2.56310e-09 3.53479e-09 4.41786e-09
 5.17893e-09 5.79909e-09 6.27295e-09 6.60306e-09 6.79377e-09 6.84967e-09
 6.77832e-09 6.59358e-09 6.31615e-09 5.96941e-09 5.57300e-09 5.13784e-09
 4.66312e-09 4.13585e-09 3.53678e-09 2.85327e-09 2.09119e-09 1.27777e-09
 4.55902e-10-3.24413e-10-1.01449e-09-1.57434e-09-1.97485e-09-2.19130e-09
-2.19267e-09-1.93391e-09-1.35497e-09-3.87695e-10 1.03064e-09 2.94078e-09
 5.34660e-09 8.20466e-09 1.14183e-08 1.48371e-08 1.82666e-08 2.14884e-08
 2.42867e-08 2.64737e-08 2.79109e-08 2.85208e-08 2.82890e-08 2.72571e-08
 2.55074e-08 2.31465e-08 2.02885e-08 1.70403e-08 1.34933e-08 9.71733e-09
 5.75940e-09 1.64396e-09-2.62189e-09-7.03975e-09-1.16106e-08-1.63249e-08
-2.11547e-08-2.60485e-08-3.09307e-08-3.57020e-08-4.02419e-08-4.44141e-08
-4.80754e-08-5.10809e-08-5.32852e-08-5.45381e-08-5.46558e-08-5.34711e-08
-5.08569e-08-4.67213e-08-4.10394e-08-3.38364e-08-2.52424e-08-1.54333e-08
-4.71578e-09 6.57388e-09 1.79375e-08 2.88635e-08 3.86682e-08 4.67035e-08
 5.22000e-08 5.45288e-08 5.30799e-08 4.75658e-08 3.81112e-08 2.58086e-08
 1.29718e-08 3.22743e-09
     0.0000e+00     0.0000e+00      0  0  0.00
     512   0.50000  0.0000e+00
-2.55931e-09 3.34468e-09 1.45265e-08 2.57522e-08 3.93490e-08 5.31652e-08
 6.83222e-08 8.32329e-08 9.83537e-08 1.12310e-07 1.24982e-07 1.35056e-07
 1.41914e-07 1.44289e-07 1.41288e-07 1.31879e-07 1.15315e-07 9.11735e-08
 5.93948e-08 2.06296e-08-2.39112e-08-7.19979e-08-1.20624e-07-1.65641e-07
-2.02267e-07-2.25247e-07-2.29840e-07-2.12251e-07-1.70981e-07-1.08721e-07
-3.20356e-08 4.97517e-08 1.25214e-07 1.83302e-07 2.16364e-07 2.21861e-07
 2.02624e-07 1.64902e-07 1.15759e-07 6.08238e-08 3.79772e-09-5.22827e-08
-1.03546e-07-1.45094e-07-1.73251e-07-1.87098e-07-1.88138e-07-1.78453e-07
-1.60413e-07-1.38010e-07-1.15802e-07-9.78682e-08-8.69379e-08-8.25911e-08
-8.21218e-08-8.05464e-08-7.09049e-08-4.72573e-08-7.74661e-09 4.30475e-08
 9.37039e-08 1.28492e-07 1.34882e-07 1.11709e-07 7.30488e-08 4.16902e-08
 3.34907e-08 4.55963e-08 6.17247e-08 6.97137e-08 6.95116e-08 6.57591e-08
 6.01168e-08 5.29398e-08 4.60210e-08 4.01699e-08 3.43672e-08 2.84596e-08
 2.28214e-08 1.71144e-08 1.14682e-08 6.36354e-09 1.75934e-09-2.24491e-09
-5.46299e-09-7.99865e-09-9.83344e-09-1.10757e-08-1.19394e-08-1.24676e-08
-1.27143e-08-1.26373e-08-1.21992e-08-1.14718e-08-1.05214e-08-9.45607e-09
-8.35856e-09-7.32507e-09-6.44702e-09-5.77703e-09-5.34978e-09-5.15774e-09
-5.17064e-09-5.35597e-09-5.68681e-09-6.12238e-09-6.61803e-09-7.12303e-09
-7.57626e-09-7.92261e-09-8.12126e-09-8.13448e-09-7.92827e-09-7.48407e-09
-6.80457e-09-5.91938e-09-4.88553e-09-3.77208e-09-2.63597e-09-1.51435e-09
-4.26579e-10 6.19501e-10 1.61895e-09 2.56463e-09 3.44922e-09 4.26679e-09
 5.01284e-09 5.68587e-09 6.28933e-09 6.83284e-09 7.33198e-09 7.80698e-09
 8.28170e-09 8.78157e-09 9.33090e-09 9.95093e-09 1.06573e-08 1.14577e-08
 1.23495e-08 1.33177e-08 1.43347e-08 1.53615e-08 1.63485e-08 1.72373e-08
 1.79618e-08 1.84500e-08 1.86277e-08 1.84242e-08 1.77790e-08 1.66491e-08
 1.50139e-08 1.28769e-08 1.02665e-08 7.23425e-09 3.85051e-09 1.99996e-10
-3.62144e-09-7.50899e-09-1.13521e-08-1.50407e-08-1.84714e-08-2.15503e-08
-2.41957e-08-2.63390e-08-2.79235e-08-2.89052e-08-2.92557e-08-2.89644e-08
-2.80401e-08-2.65125e-08-2.44330e-08-2.18736e-08-1.89244e-08-1.56920e-08
-1.22944e-08-8.85502e-09-5.49537e-09-2.32955e-09 5.40391e-10 3.02716e-09
 5.06088e-09 6.59206e-09 7.59437e-09 8.06610e-09 8.02943e-09 7.52726e-09
 6.61897e-09 5.37532e-09 3.87262e-09 2.18814e-09 3.97692e-10-1.42589e-09
-3.21388e-09-4.90256e-09-6.43463e-09-7.76128e-09-8.84380e-09-9.65399e-09
-1.01737e-08-1.03939e-08-1.03134e-08-9.93735e-09-9.27720e-09-8.35081e-09
-7.18196e-09-5.79896e-09-4.23324e-09-2.51789e-09-6.86716e-10 1.22561e-09
 3.18254e-09 5.14502e-09 7.07202e-09 8.92184e-09 1.06533e-08 1.22271e-08
 1.36072e-08 1.47627e-08 1.56696e-08 1.63120e-08 1.66816e-08 1.67766e-08
 1.66005e-08 1.61595e-08 1.54624e-08 1.45208e-08 1.33509e-08 1.19732e-08
 1.04135e-08 8.70173e-09 6.87228e-09 4.96386e-09 3.01887e-09 1.08236e-09
-7.99671e-10-2.58267e-09-4.22574e-09-5.69317e-09-6.95539e-09-7.98937e-09
-8.77833e-09-9.31060e-09-9.57881e-09-9.57950e-09-9.31321e-09-8.78493e-09
-8.00493e-09-6.98910e-09-5.75908e-09-4.34238e-09-2.77228e-09-1.08705e-09
 6.70842e-10 2.45522e-09 4.21721e-09 5.90697e-09 7.47585e-09 8.87861e-09
 1.00759e-08 1.10359e-08 1.17349e-08 1.21553e-08 1.22850e-08 1.21158e-08
 1.16441e-08 1.08713e-08 9.80418e-09 8.45602e-09 6.84569e-09 4.99653e-09
 2.93598e-09 6.96392e-10-1.68422e-09-4.16239e-09-6.69006e-09-9.21582e-09
-1.16866e-08-1.40503e-08-1.62575e-08-1.82627e-08-2.00244e-08-2.15064e-08
-2.26783e-08-2.35167e-08-2.40047e-08-2.41327e-08-2.38985e-08-2.33075e-08
-2.23720e-08-2.11107e-08-1.95487e-08-1.77177e-08-1.56551e-08-1.34030e-08
-1.10065e-08-8.51303e-09-5.97186e-09-3.43436e-09-9.54609e-10 1.41106e-09
 3.60588e-09 5.57512e-09 7.26818e-09 8.64064e-09 9.65612e-09 1.02874e-08
 1.05169e-08 1.03364e-08 9.74726e-09 8.76127e-09 7.40150e-09 5.70344e-09
 3.71591e-09 1.50169e-09-8.62792e-10-3.28828e-09-5.67370e-09-7.90747e-09
-9.86962e-09-1.14354e-08-1.24805e-08-1.28883e-08-1.25578e-08-1.14103e-08
-9.39730e-09-6.50601e-09-2.76343e-09 1.76233e-09 6.96315e-09 1.26945e-08
 1.87822e-08 2.50311e-08 3.12352e-08 3.71874e-08 4.26885e-08 4.75555e-08
 5.16276e-08 5.47702e-08 5.68781e-08 5.78774e-08 5.77276e-08 5.64211e-08
 5.39836e-08 5.04727e-08 4.59766e-08 4.06121e-08 3.45227e-08 2.78757e-08
 2.08578e-08 1.36690e-08 6.51502e-09-4.00895e-10-6.88729e-09-1.27739e-08
-1.79202e-08-2.22228e-08-2.56203e-08-2.80965e-08-2.96793e-08-3.04368e-08
-3.04694e-08-2.99004e-08-2.88643e-08-2.74967e-08-2.59243e-08-2.42577e-08
-2.25870e-08-2.09801e-08-1.94829e-08-1.81209e-08-1.69020e-08-1.58196e-08
-1.48567e-08-1.39893e-08-1.31905e-08-1.24340e-08-1.16964e-08-1.09601e-08
-1.02142e-08-9.45572e-09-8.68913e-09-7.92626e-09-7.18528e-09-6.48948e-09
-5.86564e-09-5.34216e-09-4.94699e-09-4.70564e-09-4.63952e-09-4.76462e-09
-5.09040e-09-5.61897e-09-6.34461e-09-7.25340e-09-8.32305e-09-9.52307e-09
-1.08155e-08-1.21564e-08-1.34968e-08-1.47847e-08-1.59671e-08-1.69914e-08
-1.78079e-08-1.83704e-08-1.86387e-08-1.85788e-08-1.81642e-08-1.73766e-08
-1.62059e-08-1.46512e-08-1.27209e-08-1.04328e-08-7.81399e-09-4.90055e-09
-1.73720e-09 1.62312e-09 5.11989e-09 8.68574e-09 1.22476e-08 1.57282e-08
 1.90476e-08 2.21250e-08 2.48817e-08 2.72434e-08 2.91427e-08 3.05221e-08
 3.13359e-08 3.15526e-08 3.11561e-08 3.01471e-08 2.85429e-08 2.63776e-08
 2.37013e-08 2.05778e-08 1.70840e-08 1.33070e-08 9.34268e-09 5.29342e-09
 1.26629e-09-2.62898e-09-6.28208e-09-9.58432e-09-1.24309e-08-1.47233e-08
-1.63718e-08-1.72984e-08-1.74395e-08-1.67480e-08-1.51961e-08-1.27764e-08
-9.50377e-09-5.41502e-09-5.69172e-10 4.95378e-09 1.10544e-08 1.76156e-08
 2.45053e-08 3.15780e-08 3.86779e-08 4.56406e-08 5.22958e-08 5.84696e-08
 6.39867e-08 6.86734e-08 7.23604e-08 7.48860e-08 7.60998e-08 7.58667e-08
 7.40703e-08 7.06166e-08 6.54375e-08 5.84932e-08 4.97749e-08 3.93062e-08
 2.71458e-08 1.33886e-08-1.83191e-09-1.83415e-08-3.59226e-08-5.43114e-08
-7.31950e-08-9.22087e-08-1.10936e-07-1.28907e-07-1.45605e-07-1.60474e-07
-1.72927e-07-1.82368e-07-1.88212e-07-1.89905e-07-1.86880e-07-1.78693e-07
-1.65083e-07-1.45970e-07-1.21534e-07-9.21941e-08-5.87380e-08-2.21965e-08
 1.59654e-08 5.41168e-08 9.02238e-08 1.22285e-07 1.48070e-07 1.65722e-07
 1.73508e-07 1.70528e-07 1.56507e-07 1.32490e-07 1.00718e-07 6.52158e-08
 3.17393e-08 7.91534e-09
     0.0000e+00     0.0000e+00      0  0  0.00
     512   0.50000  0.0000e+00
 5.14263e-09 5.22715e-09 1.66175e-09-5.56092e-10-3.85210e-09-6.34953e-09
-9.37345e-09-1.18198e-08-1.45827e-08-1.70801e-08-1.99642e-08-2.30513e-08
-2.68224e-08-3.13476e-08-3.69241e-08-4.36906e-08-5.16956e-08-6.09466e-08
-7.11538e-08-8.20012e-08-9.27698e-08-1.02684e-07-1.10564e-07-1.15193e-07
-1.15210e-07-1.09847e-07-9.87321e-08-8.16437e-08-5.93125e-08-3.36249e-08
-6.71810e-09 1.94277e-08 4.32536e-08 6.40992e-08 8.25833e-08 1.00131e-07
 1.18258e-07 1.37795e-07 1.58424e-07 1.78791e-07 1.96913e-07 2.10542e-07
 2.17414e-07 2.15674e-07 2.04506e-07 1.84034e-07 1.54749e-07 1.17736e-07
 7.49721e-08 2.95096e-08-1.52350e-08-5.66004e-08-9.22759e-08-1.20794e-07
-1.41869e-07-1.55759e-07-1.62955e-07-1.63716e-07-1.58100e-07-1.45600e-07
-1.26002e-07-1.00577e-07-7.28088e-08-4.80929e-08-3.10689e-08-2.25597e-08
-1.87188e-08-1.43766e-08-7.80130e-09-1.38747e-09 2.52451e-09 4.41729e-09
 5.64107e-09 6.42838e-09 6.88053e-09 7.65762e-09 8.90244e-09 1.02345e-08
 1.16394e-08 1.31057e-08 1.43875e-08 1.54817e-08 1.64058e-08 1.70453e-08
 1.74324e-08 1.75654e-08 1.74100e-08 1.70238e-08 1.63918e-08 1.55098e-08
 1.44001e-08 1.30690e-08 1.15830e-08 9.99195e-09 8.34142e-09 6.67756e-09
 5.03527e-09 3.45930e-09 1.97851e-09 6.24033e-10-5.80296e-10-1.61795e-09
-2.47864e-09-3.15987e-09-3.66614e-09-4.00877e-09-4.20166e-09-4.26396e-09
-4.21702e-09-4.08403e-09-3.88823e-09-3.65168e-09-3.39378e-09-3.13106e-09
-2.87584e-09-2.63633e-09-2.41584e-09-2.21475e-09-2.03348e-09-1.87310e-09
-1.73533e-09-1.62203e-09-1.53518e-09-1.47690e-09-1.44964e-09-1.45604e-09
-1.49852e-09-1.57894e-09-1.69801e-09-1.85482e-09-2.04650e-09-2.26815e-09
-2.51228e-09-2.76820e-09-3.02191e-09-3.25621e-09-3.45101e-09-3.58414e-09
-3.63229e-09-3.57212e-09-3.38165e-09-3.04183e-09-2.53749e-09-1.85836e-09
-1.00051e-09 3.22303e-11 1.22762e-09 2.56473e-09 4.01411e-09 5.53914e-09
 7.09797e-09 8.64524e-09 1.01335e-08 1.15153e-08 1.27457e-08 1.37844e-08
 1.45971e-08 1.51565e-08 1.54425e-08 1.54431e-08 1.51542e-08 1.45799e-08
 1.37325e-08 1.26320e-08 1.13049e-08 9.78416e-09 8.10725e-09 6.31600e-09
 4.45537e-09 2.57228e-09 7.13847e-10-1.07463e-09-2.75137e-09-4.27940e-09
-5.62776e-09-6.77260e-09-7.69805e-09-8.39676e-09-8.87005e-09-9.12730e-09
-9.18446e-09-9.06255e-09-8.78654e-09-8.38370e-09-7.88157e-09-7.30651e-09
-6.68318e-09-6.03396e-09-5.37824e-09-4.73223e-09-4.10911e-09-3.51946e-09
-2.97151e-09-2.47133e-09-2.02286e-09-1.62803e-09-1.28707e-09-9.99222e-10
-7.63253e-10-5.77877e-10-4.41798e-10-3.53419e-10-3.10523e-10-3.10558e-10
-3.50964e-10-4.28696e-10-5.39612e-10-6.78638e-10-8.40062e-10-1.01751e-09
-1.20402e-09-1.39212e-09-1.57399e-09-1.74193e-09-1.88890e-09-2.00842e-09
-2.09454e-09-2.14263e-09-2.14941e-09-2.11229e-09-2.02919e-09-1.89904e-09
-1.72165e-09-1.49718e-09-1.22651e-09-9.11981e-10-5.57079e-10-1.66236e-10
 2.54400e-10 6.96488e-10 1.15014e-09 1.60462e-09 2.04851e-09 2.47039e-09
 2.85976e-09 3.20761e-09 3.50620e-09 3.74876e-09 3.92956e-09 4.04435e-09
 4.09030e-09 4.06538e-09 3.96799e-09 3.79696e-09 3.55163e-09 3.23220e-09
 2.84069e-09 2.38142e-09 1.86101e-09 1.28795e-09 6.72449e-10 2.62859e-11
-6.37613e-10-1.30585e-09-1.96533e-09-2.60373e-09-3.20959e-09-3.77227e-09
-4.28240e-09-4.73258e-09-5.11732e-09-5.43199e-09-5.67226e-09-5.83436e-09
-5.91503e-09-5.91150e-09-5.82228e-09-5.64802e-09-5.39121e-09-5.05588e-09
-4.64857e-09-4.17904e-09-3.65902e-09-3.10059e-09-2.51621e-09-1.91881e-09
-1.32039e-09-7.30844e-10-1.58201e-10 3.90613e-10 9.09469e-10 1.39269e-09
 1.83467e-09 2.23014e-09 2.57450e-09 2.86362e-09 3.09365e-09 3.26182e-09
 3.36734e-09 3.41172e-09 3.39883e-09 3.33523e-09 3.23054e-09 3.09675e-09
 2.94634e-09 2.79104e-09 2.64185e-09 2.50912e-09 2.40184e-09 2.32721e-09
 2.29126e-09 2.30004e-09 2.36004e-09 2.47806e-09 2.66073e-09 2.91419e-09
 3.24385e-09 3.65400e-09 4.14751e-09 4.72525e-09 5.38532e-09 6.12290e-09
 6.93072e-09 7.79930e-09 8.71681e-09 9.66927e-09 1.06410e-08 1.16144e-08
 1.25694e-08 1.34828e-08 1.43283e-08 1.50758e-08 1.56913e-08 1.61380e-08
 1.63780e-08 1.63732e-08 1.60878e-08 1.54903e-08 1.45565e-08 1.32713e-08
 1.16309e-08 9.64415e-09 7.33232e-09 4.72831e-09 1.87615e-09-1.17028e-09
-4.34982e-09-7.59679e-09-1.08428e-08-1.40183e-08-1.70539e-08-1.98821e-08
-2.24384e-08-2.46624e-08-2.64997e-08-2.79034e-08-2.88350e-08-2.92666e-08
-2.91828e-08-2.85827e-08-2.74803e-08-2.59057e-08-2.39062e-08-2.15449e-08
-1.88991e-08-1.60562e-08-1.31109e-08-1.01598e-08-7.29724e-09-4.60980e-09
-2.17170e-09-4.16836e-11 1.73880e-09 3.14641e-09 4.17587e-09 4.83857e-09
 5.15985e-09 5.17583e-09 4.93028e-09 4.47174e-09 3.85077e-09 3.11729e-09
 2.31841e-09 1.49684e-09 6.90421e-10-6.80975e-11-7.51282e-10-1.33698e-09
-1.80785e-09-2.15063e-09-2.35548e-09-2.41550e-09-2.32614e-09-2.08480e-09
-1.69066e-09-1.14478e-09-4.50238e-10 3.87545e-10 1.36035e-09 2.45686e-09
 3.66229e-09 4.95816e-09 6.32226e-09 7.72887e-09 9.14915e-09 1.05517e-08
 1.19034e-08 1.31712e-08 1.43229e-08 1.53279e-08 1.61584e-08 1.67898e-08
 1.72011e-08 1.73757e-08 1.73005e-08 1.69667e-08 1.63701e-08 1.55110e-08
 1.43949e-08 1.30325e-08 1.14396e-08 9.63786e-09 7.65468e-09 5.52293e-09
 3.28065e-09 9.70509e-10-1.36089e-09-3.66411e-09-5.88825e-09-7.98267e-09
-9.89860e-09-1.15909e-08-1.30195e-08-1.41509e-08-1.49594e-08-1.54279e-08
-1.55485e-08-1.53223e-08-1.47594e-08-1.38786e-08-1.27064e-08-1.12761e-08
-9.62684e-09-7.80263e-09-5.85105e-09-3.82253e-09-1.76938e-09 2.55263e-10
 2.19844e-09 4.00836e-09 5.63546e-09 7.03334e-09 8.15968e-09 8.97705e-09
 9.45356e-09 9.56338e-09 9.28719e-09 8.61250e-09 7.53396e-09 6.05365e-09
 4.18128e-09 1.93449e-09-6.60880e-10-3.57053e-09-6.75148e-09-1.01520e-08
-1.37118e-08-1.73621e-08-2.10264e-08-2.46217e-08-2.80593e-08-3.12469e-08
-3.40908e-08-3.64977e-08-3.83770e-08-3.96439e-08-4.02208e-08-4.00399e-08
-3.90447e-08-3.71913e-08-3.44498e-08-3.08049e-08-2.62574e-08-2.08244e-08
-1.45407e-08-7.45929e-09 3.47656e-10 8.78787e-09 1.77478e-08 2.70916e-08
 3.66598e-08 4.62681e-08 5.57078e-08 6.47454e-08 7.31250e-08 8.05714e-08
 8.67961e-08 9.15053e-08 9.44103e-08 9.52371e-08 9.37056e-08 8.95965e-08
 8.27798e-08 7.32156e-08 6.09955e-08 4.63296e-08 2.96135e-08 1.13658e-08
-7.67848e-09-2.66999e-08-4.46800e-08-6.06172e-08-7.34010e-08-8.21098e-08
-8.58896e-08-8.43073e-08-7.72492e-08-6.52729e-08-4.95327e-08-3.20338e-08
-1.55828e-08-3.89059e-09
     0.0000e+00     0.0000e+00      0  0  0.00
     512   0.50000  0.0000e+00
 7.92107e-09 9.51023e-09 5.30117e-09 3.21121e-09-6.33725e-10-3.22780e-09
-6.61323e-09-8.94349e-09-1.14554e-08-1.30209e-08-1.43800e-08-1.49551e-08
-1.51819e-08-1.49163e-08-1.44142e-08-1.38303e-08-1.33155e-08-1.31947e-08
-1.35615e-08-1.47843e-08-1.68934e-08-2.01632e-08-2.44984e-08-2.99556e-08
-3.59157e-08-4.12459e-08-4.41668e-08-4.28344e-08-3.58626e-08-2.27784e-08
-3.96225e-09 1.93215e-08 4.47993e-08 6.98312e-08 9.21639e-08 1.10409e-07
 1.23954e-07 1.32407e-07 1.34848e-07 1.29670e-07 1.15213e-07 9.03377e-08
 5.47280e-08 9.11388e-09-4.42914e-08-1.01990e-07-1.59532e-07-2.10600e-07
-2.47195e-07-2.62480e-07-2.53013e-07-2.17801e-07-1.58087e-07-8.16976e-08
 2.70966e-10 7.62930e-08 1.32978e-07 1.61199e-07 1.58132e-07 1.28456e-07
 8.48324e-08 4.41992e-08 2.12263e-08 2.07149e-08 3.43580e-08 4.58722e-08
 4.36479e-08 2.94819e-08 1.46701e-08 6.99695e-09 4.92512e-09 4.09191e-09
 3.70865e-09 4.17290e-09 4.18078e-09 3.22174e-09 2.36718e-09 1.83479e-09
 1.29953e-09 1.16035e-09 1.38239e-09 1.59854e-09 1.91623e-09 2.21926e-09
 2.30136e-09 2.25366e-09 2.01334e-09 1.62669e-09 1.25212e-09 8.93905e-10
 6.06161e-10 3.51123e-10 8.73496e-11-1.42057e-10-3.36169e-10-4.76929e-10
-5.89593e-10-6.89039e-10-7.85657e-10-9.03709e-10-1.04672e-09-1.21660e-09
-1.40504e-09-1.60124e-09-1.78776e-09-1.95635e-09-2.10367e-09-2.23072e-09
-2.34114e-09-2.43857e-09-2.52886e-09-2.61575e-09-2.70023e-09-2.78448e-09
-2.87529e-09-2.98464e-09-3.12868e-09-3.32351e-09-3.58292e-09-3.91370e-09
-4.31466e-09-4.77671e-09-5.28437e-09-5.82020e-09-6.36888e-09-6.91899e-09
-7.46434e-09-8.00464e-09-8.54437e-09-9.09176e-09-9.65756e-09-1.02536e-08
-1.08916e-08-1.15817e-08-1.23313e-08-1.31443e-08-1.40205e-08-1.49552e-08
-1.59370e-08-1.69467e-08-1.79553e-08-1.89237e-08-1.98018e-08-2.05305e-08
-2.10440e-08-2.12746e-08-2.11571e-08-2.06341e-08-1.96609e-08-1.82083e-08
-1.62633e-08-1.38303e-08-1.09316e-08-7.60994e-09-3.92677e-09 3.94994e-11
 4.19762e-09 8.44816e-09 1.26875e-08 1.68111e-08 2.07163e-08 2.43047e-08
 2.74858e-08 3.01800e-08 3.23224e-08 3.38647e-08 3.47762e-08 3.50442e-08
 3.46744e-08 3.36915e-08 3.21387e-08 3.00761e-08 2.75785e-08 2.47326e-08
 2.16351e-08 1.83900e-08 1.51054e-08 1.18885e-08 8.83829e-09 6.03979e-09
 3.55962e-09 1.44442e-09-2.78317e-10-1.59843e-09-2.52090e-09-3.06426e-09
-3.25920e-09-3.14721e-09-2.77888e-09-2.21120e-09-1.50394e-09-7.16141e-10
 9.67590e-11 8.85023e-10 1.60595e-09 2.22422e-09 2.71142e-09 3.04551e-09
 3.21038e-09 3.19584e-09 2.99784e-09 2.61820e-09 2.06338e-09 1.34291e-09
 4.68825e-10-5.43826e-10-1.67574e-09-2.90238e-09-4.19457e-09-5.52062e-09
-6.84890e-09-8.14941e-09-9.39436e-09-1.05585e-08-1.16199e-08-1.25600e-08
-1.33633e-08-1.40162e-08-1.45055e-08-1.48180e-08-1.49410e-08-1.48647e-08
-1.45851e-08-1.41048e-08-1.34330e-08-1.25837e-08-1.15744e-08-1.04263e-08
-9.16392e-09-7.81489e-09-6.40815e-09-4.97235e-09-3.53473e-09-2.12075e-09
-7.54426e-10 5.41195e-10 1.74373e-09 2.83128e-09 3.78273e-09 4.57852e-09
 5.20168e-09 5.63909e-09 5.88202e-09 5.92624e-09 5.77218e-09 5.42519e-09
 4.89541e-09 4.19751e-09 3.35047e-09 2.37739e-09 1.30511e-09 1.63789e-10
-1.01409e-09-2.19577e-09-3.35068e-09-4.45161e-09-5.47422e-09-6.39520e-09
-7.19043e-09-7.83470e-09-8.30326e-09-8.57454e-09-8.63252e-09-8.46781e-09
-8.07674e-09-7.45999e-09-6.62191e-09-5.57075e-09-4.31938e-09-2.88562e-09
-1.29201e-09 4.34943e-10 2.26558e-09 4.16831e-09 6.11096e-09 8.06141e-09
 9.98708e-09 1.18547e-08 1.36309e-08 1.52845e-08 1.67872e-08 1.81145e-08
 1.92456e-08 2.01633e-08 2.08531e-08 2.13034e-08 2.15063e-08 2.14593e-08
 2.11665e-08 2.06380e-08 1.98886e-08 1.89363e-08 1.78013e-08 1.65078e-08
 1.50842e-08 1.35630e-08 1.19796e-08 1.03701e-08 8.77028e-09 7.21445e-09
 5.73482e-09 4.36161e-09 3.12380e-09 2.04984e-09 1.16752e-09 5.02359e-10
 7.49448e-11-1.01349e-10-2.17224e-11 3.09188e-10 8.76634e-10 1.65512e-09
 2.60720e-09 3.68161e-09 4.81214e-09 5.91821e-09 6.90754e-09 7.67998e-09
 8.13171e-09 8.15979e-09 7.66705e-09 6.56687e-09 4.78796e-09 2.27959e-09
-9.82402e-10-4.99056e-09-9.70220e-09-1.50382e-08-2.08845e-08-2.70963e-08
-3.35034e-08-3.99166e-08-4.61348e-08-5.19528e-08-5.71697e-08-6.15974e-08
-6.50706e-08-6.74544e-08-6.86498e-08-6.85955e-08-6.72692e-08-6.46873e-08
-6.09044e-08-5.60121e-08-5.01349e-08-4.34262e-08-3.60622e-08-2.82358e-08
-2.01504e-08-1.20116e-08-4.02136e-09 3.62886e-09 1.07635e-08 1.72296e-08
 2.29037e-08 2.76972e-08 3.15600e-08 3.44811e-08 3.64875e-08 3.76398e-08
 3.80261e-08 3.77542e-08 3.69433e-08 3.57168e-08 3.41942e-08 3.24855e-08
 3.06858e-08 2.88734e-08 2.71089e-08 2.54366e-08 2.38865e-08 2.24760e-08
 2.12128e-08 2.00966e-08 1.91213e-08 1.82760e-08 1.75461e-08 1.69141e-08
 1.63611e-08 1.58677e-08 1.54141e-08 1.49813e-08 1.45508e-08 1.41063e-08
 1.36348e-08 1.31277e-08 1.25821e-08 1.20007e-08 1.13916e-08 1.07666e-08
 1.01403e-08 9.52772e-09 8.94312e-09 8.39733e-09 7.89634e-09 7.44016e-09
 7.02215e-09 6.62907e-09 6.24193e-09 5.83782e-09 5.39232e-09 4.88199e-09
 4.28648e-09 3.59028e-09 2.78393e-09 1.86485e-09 8.37307e-10-2.88377e-10
-1.49713e-09-2.77059e-09-4.08853e-09-5.43033e-09-6.77620e-09-8.10778e-09
-9.40828e-09-1.06618e-08-1.18529e-08-1.29655e-08-1.39824e-08-1.48854e-08
-1.56546e-08-1.62697e-08-1.67109e-08-1.69602e-08-1.70033e-08-1.68306e-08
-1.64391e-08-1.58327e-08-1.50223e-08-1.40253e-08-1.28643e-08-1.15653e-08
-1.01557e-08-8.66294e-09-7.11295e-09-5.52973e-09-3.93537e-09-2.35072e-09
-7.96784e-10 7.03732e-10 2.12475e-09 3.43560e-09 4.60046e-09 5.57859e-09
 6.32556e-09 6.79549e-09 6.94393e-09 6.73120e-09 6.12573e-09 5.10712e-09
 3.66855e-09 1.81832e-09-4.19744e-10-3.00682e-09-5.89053e-09-9.00690e-09
-1.22827e-08-1.56377e-08-1.89870e-08-2.22433e-08-2.53182e-08-2.81242e-08
-3.05754e-08-3.25896e-08-3.40887e-08-3.50010e-08-3.52625e-08-3.48184e-08
-3.36250e-08-3.16509e-08-2.88774e-08-2.52998e-08-2.09268e-08-1.57805e-08
-9.89614e-09-3.32200e-09 3.88005e-09 1.16332e-08 1.98439e-08 2.83985e-08
 3.71610e-08 4.59695e-08 5.46348e-08 6.29388e-08 7.06367e-08 7.74606e-08
 8.31266e-08 8.73447e-08 8.98316e-08 9.03214e-08 8.85479e-08 8.43084e-08
 7.74924e-08 6.80796e-08 5.61773e-08 4.20048e-08 2.59549e-08 8.53080e-09
-9.56523e-09-2.75604e-08-4.44989e-08-5.94483e-08-7.13751e-08-7.94276e-08
-8.28150e-08-8.11438e-08-7.43103e-08-6.28218e-08-4.77309e-08-3.09152e-08
-1.50613e-08-3.76178e-09
     0.0000e+00     0.0000e+00      0  0  0.00
     512   0.50000  0.0000e+00
 1.53353e-08 2.03136e-08 1.39407e-08 1.17982e-08 6.19947e-09 3.06792e-09
-1.63234e-09-4.28532e-09-7.28615e-09-8.36054e-09-8.77559e-09-7.14951e-09
-3.93696e-09 1.57276e-09 9.37395e-09 1.95771e-08 3.22334e-08 4.68559e-08
 6.32007e-08 8.01578e-08 9.69111e-08 1.11718e-07 1.23064e-07 1.28591e-07
 1.26430e-07 1.14662e-07 9.22158e-08 5.88028e-08 1.58010e-08-3.30564e-08
-8.30413e-08-1.29507e-07-1.68114e-07-1.96221e-07-2.13801e-07-2.23052e-07
-2.27239e-07-2.29120e-07-2.29681e-07-2.27742e-07-2.20854e-07-2.06465e-07
-1.83052e-07-1.50933e-07-1.13078e-07-7.36004e-08-3.54891e-08-9.60961e-10
 2.81801e-08 5.01445e-08 6.45707e-08 7.45302e-08 8.38992e-08 9.71276e-08
 1.18562e-07 1.49710e-07 1.87820e-07 2.25081e-07 2.50872e-07 2.53477e-07
 2.25622e-07 1.69850e-07 1.00521e-07 4.02683e-08 8.02058e-09 6.78925e-09
 2.11116e-08 3.02453e-08 2.59670e-08 1.54776e-08 7.44408e-09 2.29006e-09
-2.51645e-09-6.52142e-09-9.36967e-09-1.28511e-08-1.73451e-08-2.17007e-08
-2.59206e-08-2.99795e-08-3.31308e-08-3.54475e-08-3.70973e-08-3.78564e-08
-3.79669e-08-3.75529e-08-3.66093e-08-3.53708e-08-3.37946e-08-3.18269e-08
-2.94724e-08-2.66993e-08-2.36764e-08-2.05202e-08-1.73204e-08-1.41541e-08
-1.10577e-08-8.09485e-09-5.27797e-09-2.63192e-09-1.71329e-10 2.09404e-09
 4.15274e-09 5.99628e-09 7.62147e-09 9.03442e-09 1.02392e-08 1.12451e-08
 1.20576e-08 1.26839e-08 1.31330e-08 1.34137e-08 1.35302e-08 1.34810e-08
 1.32574e-08 1.28478e-08 1.22397e-08 1.14282e-08 1.04249e-08 9.25716e-09
 7.96680e-09 6.60434e-09 5.22201e-09 3.86867e-09 2.58940e-09 1.42643e-09
 4.19103e-10-3.97374e-10-9.93550e-10-1.34799e-09-1.44906e-09-1.29612e-09
-9.01837e-10-2.94755e-10 4.79751e-10 1.36008e-09 2.27067e-09 3.12568e-09
 3.83322e-09 4.29936e-09 4.43288e-09 4.15106e-09 3.38517e-09 2.08554e-09
 2.26533e-10-2.18881e-09-5.12581e-09-8.51772e-09-1.22682e-08-1.62555e-08
-2.03393e-08-2.43677e-08-2.81841e-08-3.16361e-08-3.45831e-08-3.69036e-08
-3.84990e-08-3.92957e-08-3.92479e-08-3.83388e-08-3.65811e-08-3.40157e-08
-3.07107e-08-2.67574e-08-2.22668e-08-1.73655e-08-1.21919e-08-6.89190e-09
-1.61511e-09 3.48992e-09 8.28081e-09 1.26271e-08 1.64158e-08 1.95560e-08
 2.19838e-08 2.36655e-08 2.45999e-08 2.48169e-08 2.43758e-08 2.33605e-08
 2.18739e-08 2.00320e-08 1.79577e-08 1.57739e-08 1.35966e-08 1.15294e-08
 9.65879e-09 8.05212e-09 6.75550e-09 5.79430e-09 5.17475e-09 4.88641e-09
 4.90459e-09 5.19273e-09 5.70474e-09 6.38762e-09 7.18457e-09 8.03814e-09
 8.89305e-09 9.69823e-09 1.04083e-08 1.09847e-08 1.13964e-08 1.16205e-08
 1.16426e-08 1.14554e-08 1.10576e-08 1.04545e-08 9.65722e-09 8.68281e-09
 7.55271e-09 6.29194e-09 4.92784e-09 3.48922e-09 2.00568e-09 5.06554e-10
-9.79821e-10-2.42547e-09-3.80238e-09-5.08345e-09-6.24353e-09-7.26006e-09
-8.11477e-09-8.79571e-09-9.29769e-09-9.62121e-09-9.77147e-09-9.75709e-09
-9.58803e-09-9.27423e-09-8.82626e-09-8.25619e-09-7.57780e-09-6.80685e-09
-5.96159e-09-5.06273e-09-4.13283e-09-3.19591e-09-2.27737e-09-1.40354e-09
-6.00190e-10 1.10111e-10 7.10508e-10 1.19124e-09 1.55000e-09 1.79128e-09
 1.92437e-09 1.96125e-09 1.91552e-09 1.80214e-09 1.63704e-09 1.43661e-09
 1.21725e-09 9.95026e-10 7.85315e-10 6.02690e-10 4.61385e-10 3.75962e-10
 3.62056e-10 4.36360e-10 6.15036e-10 9.11039e-10 1.33241e-09 1.88207e-09
 2.55732e-09 3.34883e-09 4.24081e-09 5.21213e-09 6.23752e-09 7.28911e-09
 8.33931e-09 9.36310e-09 1.03379e-08 1.12421e-08 1.20550e-08 1.27560e-08
 1.33230e-08 1.37319e-08 1.39581e-08 1.39791e-08 1.37759e-08 1.33338e-08
 1.26441e-08 1.17054e-08 1.05239e-08 9.11477e-09 7.50139e-09 5.71431e-09
 3.78852e-09 1.76132e-09-3.29520e-10-2.44774e-09-4.55995e-09-6.63520e-09
-8.64292e-09-1.05510e-08-1.23254e-08-1.39308e-08-1.53312e-08-1.64928e-08
-1.73874e-08-1.79959e-08-1.83112e-08-1.83385e-08-1.80967e-08-1.76180e-08
-1.69478e-08-1.61434e-08-1.52715e-08-1.44059e-08-1.36239e-08-1.30036e-08
-1.26219e-08-1.25519e-08-1.28591e-08-1.35989e-08-1.48125e-08-1.65234e-08
-1.87312e-08-2.14075e-08-2.44920e-08-2.78905e-08-3.14746e-08-3.50851e-08
-3.85379e-08-4.16322e-08-4.41608e-08-4.59216e-08-4.67298e-08-4.64293e-08
-4.49035e-08-4.20836e-08-3.79537e-08-3.25523e-08-2.59708e-08-1.83489e-08
-9.86679e-09-7.36246e-10 8.80660e-09 1.85085e-08 2.81071e-08 3.73392e-08
 4.59484e-08 5.36928e-08 6.03533e-08 6.57407e-08 6.97014e-08 7.21244e-08
 7.29478e-08 7.21637e-08 6.98222e-08 6.60322e-08 6.09609e-08 5.48281e-08
 4.78966e-08 4.04603e-08 3.28297e-08 2.53154e-08 1.82110e-08 1.17762e-08
 6.22251e-09 1.70322e-09-1.69199e-09-3.93788e-09-5.07023e-09-5.17843e-09
-4.39500e-09-2.88391e-09-8.28697e-10 1.57877e-09 4.14867e-09 6.70210e-09
 9.07806e-09 1.11384e-08 1.27706e-08 1.38887e-08 1.44340e-08 1.43739e-08
 1.37008e-08 1.24305e-08 1.05994e-08 8.26253e-09 5.48988e-09 2.36283e-09
-1.02944e-09-4.59339e-09-8.23421e-09-1.18585e-08-1.53769e-08-1.87061e-08
-2.17716e-08-2.45081e-08-2.68609e-08-2.87856e-08-3.02485e-08-3.12258e-08
-3.17043e-08-3.16811e-08-3.11642e-08-3.01718e-08-2.87312e-08-2.68782e-08
-2.46555e-08-2.21116e-08-1.92997e-08-1.62773e-08-1.31058e-08-9.84954e-09
-6.57557e-09-3.35202e-09-2.46783e-10 2.67421e-09 5.34897e-09 7.72154e-09
 9.74390e-09 1.13774e-08 1.25940e-08 1.33764e-08 1.37190e-08 1.36273e-08
 1.31177e-08 1.22163e-08 1.09580e-08 9.38506e-09 7.54581e-09 5.49380e-09
 3.28646e-09 9.83995e-10-1.35166e-09-3.65798e-09-5.87322e-09-7.93795e-09
-9.79679e-09-1.14001e-08-1.27054e-08-1.36787e-08-1.42957e-08-1.45426e-08
-1.44167e-08-1.39264e-08-1.30910e-08-1.19394e-08-1.05092e-08-8.84430e-09
-6.99361e-09-5.00852e-09-2.94117e-09-8.42941e-10 1.23666e-09 3.25064e-09
 5.15483e-09 6.90806e-09 8.47240e-09 9.81347e-09 1.09010e-08 1.17095e-08
 1.22195e-08 1.24187e-08 1.23030e-08 1.18771e-08 1.11556e-08 1.01621e-08
 8.92913e-09 7.49636e-09 5.90915e-09 4.21649e-09 2.46897e-09 7.16818e-10
-9.91801e-10-2.61202e-09-4.10284e-09-5.42690e-09-6.54982e-09-7.43924e-09
-8.06418e-09-8.39509e-09-8.40457e-09-8.06892e-09-7.37024e-09-6.29867e-09
-4.85458e-09-3.05046e-09-9.12218e-10 1.52015e-09 4.19282e-09 7.03914e-09
 9.98049e-09 1.29264e-08 1.57743e-08 1.84070e-08 2.06816e-08 2.24522e-08
 2.35785e-08 2.39234e-08 2.33695e-08 2.18175e-08 1.92179e-08 1.55575e-08
 1.09095e-08 5.40000e-09-7.25697e-10-7.16350e-09-1.34751e-08-1.91796e-08
-2.36813e-08-2.63937e-08-2.67221e-08-2.43527e-08-1.94486e-08-1.29046e-08
-6.26255e-09-1.47748e-09
