       8
(6e12.5)
     0.0000e+00     0.0000e+00      0  0  0.00
       0   0.00000  0.0000e+00
     0.0000e+00     0.0000e+00      0  0  0.00
       0   0.00000  0.0000e+00
     0.0000e+00     0.0000e+00      0  0  0.00
       0   0.00000  0.0000e+00
     0.0000e+00     0.0000e+00      0  0  0.00
       0   0.00000  0.0000e+00
     0.0000e+00     0.0000e+00      0  0  0.00
       0   0.00000  0.0000e+00
     0.0000e+00     0.0000e+00      0  0  0.00
       0   0.00000  0.0000e+00
     0.0000e+00     0.0000e+00      0  0  0.00
       0   0.00000  0.0000e+00
     0.0000e+00     0.0000e+00      0  0  0.00
       0   0.00000  0.0000e+00
