       8
(6e12.5)
     0.0000e+00     0.0000e+00      0  0  0.00
     512   0.50000  0.0000e+00
 1.50532e-08 2.04542e-08 1.55066e-08 1.46690e-08 1.06001e-08 8.66503e-09
 4.94302e-09 2.67338e-09-5.01039e-10-2.59604e-09-4.94335e-09-6.44583e-09
-7.72677e-09-8.33487e-09-8.44033e-09-8.04708e-09-7.09551e-09-5.89772e-09
-4.35439e-09-2.97221e-09-1.73996e-09-1.26061e-09-1.66044e-09-3.61779e-09
-7.26473e-09-1.30816e-08-2.13891e-08-3.23874e-08-4.61229e-08-6.24729e-08
-8.11336e-08-1.01593e-07-1.23141e-07-1.44929e-07-1.66029e-07-1.85435e-07
-2.02067e-07-2.14757e-07-2.22234e-07-2.23037e-07-2.15482e-07-1.97747e-07
-1.68020e-07-1.24779e-07-6.71439e-08 4.72463e-09 8.93250e-08 1.83539e-07
 2.82476e-07 3.79300e-07 4.65246e-07 5.30316e-07 5.65202e-07 5.62581e-07
 5.17447e-07 4.28050e-07 2.98553e-07 1.41633e-07-2.35792e-08-1.77251e-07
-3.01070e-07-3.75946e-07-3.91417e-07-3.52491e-07-2.74136e-07-1.78437e-07
-8.93299e-08-2.42252e-08 1.26183e-08 2.94632e-08 3.95847e-08 5.22151e-08
 6.73500e-08 7.73257e-08 7.45903e-08 5.90178e-08 3.71824e-08 1.59316e-08
-2.93556e-09-2.10720e-08-3.79828e-08-5.02423e-08-5.60683e-08-5.71190e-08
-5.52288e-08-5.03460e-08-4.26611e-08-3.39247e-08-2.54619e-08-1.73337e-08
-9.93042e-09-4.07512e-09 1.35362e-11 2.32598e-09 2.78433e-09 1.60298e-09
-9.00963e-10-4.42383e-09-8.60459e-09-1.30571e-08-1.73998e-08-2.13048e-08
-2.44978e-08-2.67474e-08-2.78589e-08-2.76714e-08-2.61039e-08-2.31922e-08
-1.90466e-08-1.37936e-08-7.52656e-09-3.32776e-10 7.62308e-09 1.60547e-08
 2.45723e-08 3.27085e-08 3.98845e-08 4.54264e-08 4.86874e-08 4.93951e-08
 4.77958e-08 4.42571e-08 3.89818e-08 3.20935e-08 2.38512e-08 1.49436e-08
 6.44279e-09-7.69518e-10-6.30709e-09-1.00875e-08-1.21402e-08-1.25406e-08
-1.14269e-08-9.10514e-09-6.09524e-09-2.96817e-09-1.34778e-10 2.15392e-09
 3.72906e-09 4.48450e-09 4.35897e-09 3.34418e-09 1.54063e-09-8.61314e-10
-3.68741e-09-6.80608e-09-1.00865e-08-1.33921e-08-1.65967e-08-1.95830e-08
-2.22565e-08-2.45597e-08-2.64587e-08-2.78989e-08-2.87821e-08-2.90031e-08
-2.84862e-08-2.71891e-08-2.50821e-08-2.21289e-08-1.83079e-08-1.36543e-08
-8.26872e-09-2.26577e-09 4.26093e-09 1.11838e-08 1.82619e-08 2.51366e-08
 3.13849e-08 3.65627e-08 4.02667e-08 4.21967e-08 4.22292e-08 4.04328e-08
 3.69436e-08 3.18885e-08 2.54562e-08 1.79702e-08 9.91055e-09 1.85464e-09
-5.69913e-09-1.24414e-08-1.81848e-08-2.27877e-08-2.61699e-08-2.83234e-08
-2.93018e-08-2.92225e-08-2.82417e-08-2.64998e-08-2.41056e-08-2.11620e-08
-1.77585e-08-1.39737e-08-9.90774e-09-5.67862e-09-1.40441e-09 2.79578e-09
 6.79069e-09 1.04369e-08 1.35983e-08 1.61589e-08 1.80346e-08 1.91795e-08
 1.95789e-08 1.92518e-08 1.82626e-08 1.67263e-08 1.47902e-08 1.26035e-08
 1.03122e-08 8.05940e-09 5.97482e-09 4.15458e-09 2.63255e-09 1.38210e-09
 3.53488e-10-4.81146e-10-1.10851e-09-1.52044e-09-1.76462e-09-1.93190e-09
-2.10319e-09-2.32413e-09-2.63248e-09-3.06831e-09-3.65169e-09-4.34411e-09
-5.04092e-09-5.63248e-09-6.05810e-09-6.29288e-09-6.29839e-09-5.97611e-09
-5.19009e-09-3.87908e-09-2.12403e-09-9.40995e-11 2.04009e-09 4.13882e-09
 6.07759e-09 7.71767e-09 8.89923e-09 9.48437e-09 9.41477e-09 8.71674e-09
 7.46598e-09 5.76511e-09 3.73301e-09 1.48996e-09-8.41755e-10-3.12741e-09
-5.23749e-09-7.07985e-09-8.59970e-09-9.75492e-09-1.05100e-08-1.08421e-08
-1.07462e-08-1.02380e-08-9.34678e-09-8.10265e-09-6.53735e-09-4.69953e-09
-2.65114e-09-4.44014e-10 1.88128e-09 4.26311e-09 6.60383e-09 8.79492e-09
 1.07450e-08 1.23866e-08 1.36665e-08 1.45383e-08 1.49707e-08 1.49582e-08
 1.45175e-08 1.36739e-08 1.24513e-08 1.08788e-08 9.01097e-09 6.93799e-09
 4.76767e-09 2.60289e-09 5.25187e-10-1.41710e-09-3.20483e-09-4.82919e-09
-6.27021e-09-7.49753e-09-8.49790e-09-9.30190e-09-9.97256e-09-1.05598e-08
-1.10720e-08-1.14847e-08-1.17706e-08-1.19290e-08-1.19820e-08-1.19389e-08
-1.17729e-08-1.14444e-08-1.09446e-08-1.03051e-08-9.57123e-09-8.77371e-09
-7.92639e-09-7.04937e-09-6.18574e-09-5.38776e-09-4.68328e-09-4.06913e-09
-3.53254e-09-3.06415e-09-2.65469e-09-2.28775e-09-1.94130e-09-1.59496e-09
-1.23604e-09-8.63515e-10-4.81582e-10-8.83193e-11 3.21264e-10 7.44443e-10
 1.17043e-09 1.58938e-09 1.99757e-09 2.39589e-09 2.78682e-09 3.17387e-09
 3.56256e-09 3.95160e-09 4.31996e-09 4.62846e-09 4.83593e-09 4.91764e-09
 4.87271e-09 4.71257e-09 4.44670e-09 4.08797e-09 3.66456e-09 3.21436e-09
 2.77166e-09 2.36682e-09 2.03474e-09 1.81651e-09 1.74593e-09 1.83060e-09
 2.05151e-09 2.38347e-09 2.80848e-09 3.30745e-09 3.84638e-09 4.37443e-09
 4.83472e-09 5.18123e-09 5.38886e-09 5.44798e-09 5.35708e-09 5.12548e-09
 4.77518e-09 4.33612e-09 3.84536e-09 3.34974e-09 2.89928e-09 2.53180e-09
 2.26449e-09 2.09748e-09 2.02031e-09 2.01303e-09 2.04069e-09 2.05187e-09
 1.98978e-09 1.80743e-09 1.47502e-09 9.78701e-10 3.21009e-10-4.74568e-10
-1.36423e-09-2.29139e-09-3.19517e-09-4.01780e-09-4.70981e-09-5.22982e-09
-5.54508e-09-5.63795e-09-5.51133e-09-5.18770e-09-4.70150e-09-4.09102e-09
-3.39491e-09-2.64941e-09-1.88225e-09-1.10694e-09-3.26803e-10 4.55209e-10
 1.23247e-09 1.99700e-09 2.74363e-09 3.46917e-09 4.16482e-09 4.81266e-09
 5.38827e-09 5.86270e-09 6.20402e-09 6.38210e-09 6.37476e-09 6.17196e-09
 5.77575e-09 5.19468e-09 4.44028e-09 3.52968e-09 2.48848e-09 1.34950e-09
 1.47242e-10-1.08872e-09-2.33727e-09-3.58364e-09-4.81153e-09-5.99556e-09
-7.10156e-09-8.09405e-09-8.94135e-09-9.61298e-09-1.00753e-08-1.02940e-08
-1.02422e-08-9.90862e-09-9.30070e-09-8.44196e-09-7.36742e-09-6.11868e-09
-4.74082e-09-3.28243e-09-1.79713e-09-3.42250e-10 1.02922e-09 2.27765e-09
 3.37653e-09 4.30471e-09 5.04109e-09 5.56678e-09 5.87273e-09 5.96210e-09
 5.84069e-09 5.50714e-09 4.95664e-09 4.19279e-09 3.23130e-09 2.09078e-09
 7.84087e-10-6.80368e-10-2.29143e-09-4.03279e-09-5.88672e-09-7.83518e-09
-9.85629e-09-1.19225e-08-1.40044e-08-1.60748e-08-1.81059e-08-2.00586e-08
-2.18796e-08-2.35072e-08-2.48800e-08-2.59391e-08-2.66216e-08-2.68539e-08
-2.65549e-08-2.56486e-08-2.40765e-08-2.18000e-08-1.87937e-08-1.50473e-08
-1.05739e-08-5.41551e-09 3.60928e-10 6.67156e-09 1.34202e-08 2.04966e-08
 2.77721e-08 3.50988e-08 4.23133e-08 4.92367e-08 5.56724e-08 6.14055e-08
 6.62064e-08 6.98373e-08 7.20622e-08 7.26591e-08 7.14077e-08 6.81403e-08
 6.27619e-08 5.52511e-08 4.56919e-08 3.42645e-08 2.12923e-08 7.18921e-09
-7.47300e-09-2.20598e-08-3.57879e-08-4.78889e-08-5.75200e-08-6.39841e-08
-6.66371e-08-6.51540e-08-5.94613e-08-5.00154e-08-3.77542e-08-2.42712e-08
-1.17352e-08-2.91935e-09
     0.0000e+00     0.0000e+00      0  0  0.00
     512   0.50000  0.0000e+00
-3.58881e-09-5.70350e-09-5.21070e-09-5.17263e-09-3.95871e-09-2.83258e-09
-1.10545e-09 3.34999e-10 1.81428e-09 2.77928e-09 3.41838e-09 3.48427e-09
 3.12914e-09 2.35511e-09 1.30732e-09 1.40075e-10-1.03370e-09-2.02243e-09
-2.77264e-09-3.12471e-09-3.08231e-09-2.55025e-09-1.58068e-09-1.39330e-10
 1.65309e-09 3.71671e-09 5.91896e-09 8.09046e-09 1.00371e-08 1.15685e-08
 1.25285e-08 1.28137e-08 1.23766e-08 1.12145e-08 9.35765e-09 6.85059e-09
 3.71896e-09-5.75453e-11-4.54980e-09-9.85031e-09-1.60155e-08-2.29950e-08
-3.05586e-08-3.82549e-08-4.54153e-08-5.12058e-08-5.46704e-08-5.47753e-08
-5.04180e-08-4.04710e-08-2.38628e-08-5.82168e-11 3.00179e-08 6.36489e-08
 9.66931e-08 1.24327e-07 1.42045e-07 1.45560e-07 1.31502e-07 9.92866e-08
 5.17766e-08-4.43713e-09-6.05121e-08-1.07276e-07-1.37166e-07-1.46810e-07
-1.38449e-07-1.19147e-07-9.71302e-08-7.75925e-08-5.98666e-08-3.92101e-08
-1.21415e-08 2.01792e-08 5.16863e-08 7.47249e-08 8.52333e-08 8.51784e-08
 7.90123e-08 6.89868e-08 5.55235e-08 3.99063e-08 2.48738e-08 1.24848e-08
 2.79039e-09-4.70434e-09-9.73961e-09-1.22975e-08-1.32618e-08-1.32532e-08
-1.23564e-08-1.09055e-08-9.23163e-09-7.27665e-09-5.00041e-09-2.42977e-09
 4.51385e-10 3.58327e-09 6.83169e-09 1.00048e-08 1.28724e-08 1.52279e-08
 1.68682e-08 1.75496e-08 1.69809e-08 1.48353e-08 1.07786e-08 4.55442e-09
-3.87973e-09-1.42622e-08-2.60482e-08-3.84603e-08-5.04518e-08-6.07350e-08
-6.78813e-08-7.04586e-08-6.71127e-08-5.67573e-08-3.91384e-08-1.57405e-08
 1.02185e-08 3.51240e-08 5.56495e-08 6.90459e-08 7.37969e-08 7.01630e-08
 5.99568e-08 4.54994e-08 2.92058e-08 1.33622e-08-4.01131e-10-1.10557e-08
-1.80170e-08-2.13031e-08-2.15172e-08-1.94804e-08-1.59384e-08-1.15792e-08
-6.98341e-09-2.54315e-09 1.44206e-09 4.76791e-09 7.37684e-09 9.29001e-09
 1.05368e-08 1.11581e-08 1.12368e-08 1.08837e-08 1.02269e-08 9.40659e-09
 8.52260e-09 7.60906e-09 6.65008e-09 5.56835e-09 4.20865e-09 2.39870e-09
 2.74454e-11-2.93822e-09-6.45321e-09-1.04084e-08-1.46357e-08-1.89297e-08
-2.30952e-08-2.70330e-08-3.07618e-08-3.41953e-08-3.69658e-08-3.84552e-08
-3.78627e-08-3.42423e-08-2.67484e-08-1.51813e-08-4.60119e-10 1.54925e-08
 3.04790e-08 4.24774e-08 4.98387e-08 5.17163e-08 4.82702e-08 4.05023e-08
 2.98720e-08 1.79993e-08 6.49259e-09-3.39318e-09-1.08595e-08-1.54296e-08
-1.70506e-08-1.61506e-08-1.34330e-08-9.63201e-09-5.41962e-09-1.39342e-09
 1.99897e-09 4.45886e-09 5.80468e-09 6.05608e-09 5.43893e-09 4.25990e-09
 2.81150e-09 1.33119e-09-1.85407e-11-1.16615e-09-2.11322e-09-2.90887e-09
-3.64839e-09-4.42303e-09-5.23430e-09-5.98074e-09-6.53574e-09-6.82301e-09
-6.84928e-09-6.71821e-09-6.60424e-09-6.68133e-09-7.03679e-09-7.60361e-09
-8.17747e-09-8.52772e-09-8.54785e-09-8.26512e-09-7.67808e-09-6.69539e-09
-5.17450e-09-2.88169e-09 5.61065e-10 5.48937e-09 1.18213e-08 1.88698e-08
 2.55365e-08 3.06978e-08 3.34084e-08 3.30306e-08 2.94329e-08 2.30194e-08
 1.46115e-08 5.27151e-09-3.88054e-09-1.18168e-08-1.77876e-08-2.13688e-08
-2.24061e-08-2.10834e-08-1.79097e-08-1.35347e-08-8.60276e-09-3.70028e-09
 6.70297e-10 4.14264e-09 6.50462e-09 7.68235e-09 7.77866e-09 7.05965e-09
 5.84670e-09 4.44296e-09 3.09967e-09 1.97827e-09 1.13236e-09 5.34632e-10
 1.15337e-10-2.22982e-10-5.63106e-10-9.05001e-10-1.17790e-09-1.32020e-09
-1.33992e-09-1.33740e-09-1.47122e-09-1.88114e-09-2.62503e-09-3.65401e-09
-4.79597e-09-5.78380e-09-6.38125e-09-6.51266e-09-6.28404e-09-5.86087e-09
-5.34892e-09-4.78457e-09-4.11409e-09-3.14275e-09-1.59974e-09 6.41357e-10
 3.38894e-09 6.17277e-09 8.42449e-09 9.62750e-09 9.39457e-09 7.57209e-09
 4.30309e-09-1.81563e-11-4.79354e-09-9.28526e-09-1.27483e-08-1.46011e-08
-1.45586e-08-1.26297e-08-9.08108e-09-4.43444e-09 6.44906e-10 5.53421e-09
 9.76171e-09 1.30260e-08 1.51816e-08 1.62081e-08 1.61425e-08 1.50511e-08
 1.30776e-08 1.04359e-08 7.34770e-09 4.03265e-09 7.05429e-10-2.46559e-09
-5.38164e-09-7.99524e-09-1.02981e-08-1.23194e-08-1.40782e-08-1.55266e-08
-1.65665e-08-1.71040e-08-1.70814e-08-1.64922e-08-1.53731e-08-1.37804e-08
-1.17758e-08-9.42229e-09-6.75738e-09-3.78324e-09-5.30557e-10 2.87851e-09
 6.25495e-09 9.43243e-09 1.23150e-08 1.48520e-08 1.70439e-08 1.89668e-08
 2.07106e-08 2.22551e-08 2.34078e-08 2.38519e-08 2.32580e-08 2.13916e-08
 1.81801e-08 1.37506e-08 8.42913e-09 2.68157e-09-2.95510e-09-7.94383e-09
-1.18399e-08-1.43688e-08-1.54587e-08-1.52158e-08-1.38805e-08-1.17972e-08
-9.34599e-09-6.86359e-09-4.61498e-09-2.78110e-09-1.45416e-09-6.54185e-10
-3.49999e-10-4.61604e-10-8.47353e-10-1.32683e-09-1.73083e-09-1.92517e-09
-1.82657e-09-1.42053e-09-7.54600e-10 7.82324e-11 9.44944e-10 1.68808e-09
 2.17764e-09 2.36549e-09 2.28516e-09 2.01334e-09 1.63840e-09 1.23766e-09
 8.68547e-10 5.70494e-10 3.61796e-10 2.44722e-10 2.31633e-10 3.59238e-10
 6.48856e-10 1.05831e-09 1.49195e-09 1.85086e-09 2.06840e-09 2.11511e-09
 2.00952e-09 1.82694e-09 1.65827e-09 1.54195e-09 1.42904e-09 1.20042e-09
 7.16011e-10-1.31013e-10-1.37198e-09-2.94168e-09-4.68338e-09-6.36772e-09
-7.70390e-09-8.37317e-09-8.11457e-09-6.80826e-09-4.51184e-09-1.45441e-09
 2.00279e-09 5.42912e-09 8.41378e-09 1.06507e-08 1.19669e-08 1.23138e-08
 1.17479e-08 1.03975e-08 8.42676e-09 6.01579e-09 3.36088e-09 6.68143e-10
-1.87525e-09-4.12043e-09-5.96480e-09-7.36641e-09-8.34036e-09-8.93351e-09
-9.21106e-09-9.25347e-09-9.13587e-09-8.89975e-09-8.55595e-09-8.11558e-09
-7.60634e-09-7.06559e-09-6.52022e-09-5.96633e-09-5.37188e-09-4.69341e-09
-3.88671e-09-2.91761e-09-1.79044e-09-5.75317e-10 6.10370e-10 1.65621e-09
 2.49819e-09 3.12230e-09 3.55411e-09 3.84490e-09 4.03721e-09 4.12753e-09
 4.06347e-09 3.76753e-09 3.16266e-09 2.19401e-09 8.48381e-10-8.33427e-10
-2.75506e-09-4.76872e-09-6.67982e-09-8.26474e-09-9.32194e-09-9.73578e-09
-9.50854e-09-8.75028e-09-7.64274e-09-6.39570e-09-5.20236e-09-4.19690e-09
-3.43199e-09-2.87877e-09-2.44007e-09-1.97885e-09-1.35297e-09-4.44103e-10
 8.23181e-10 2.47407e-09 4.48481e-09 6.79459e-09 9.32258e-09 1.19780e-08
 1.46684e-08 1.73082e-08 1.98161e-08 2.21049e-08 2.40804e-08 2.56506e-08
 2.67303e-08 2.72291e-08 2.70383e-08 2.60356e-08 2.41095e-08 2.11983e-08
 1.73172e-08 1.25640e-08 7.12118e-09 1.24500e-09-4.75945e-09-1.05781e-08
-1.58969e-08-2.04045e-08-2.37881e-08-2.57696e-08-2.61376e-08-2.48155e-08
-2.19187e-08-1.78335e-08-1.32024e-08-8.77622e-09-5.15803e-09-2.62544e-09
-1.10419e-09-3.25570e-10
     0.0000e+00     0.0000e+00      0  0  0.00
     512   0.50000  0.0000e+00
-7.53097e-10-4.27850e-09-8.43109e-09-1.31408e-08-1.83736e-08-2.40842e-08
-3.02776e-08-3.68793e-08-4.38943e-08-5.12042e-08-5.87668e-08-6.63880e-08
-7.39158e-08-8.10325e-08-8.74221e-08-9.26091e-08-9.61007e-08-9.72945e-08
-9.56016e-08-9.04279e-08-8.12846e-08-6.78294e-08-4.99636e-08-2.79059e-08
-2.27644e-09 2.57953e-08 5.46426e-08 8.20492e-08 1.05540e-07 1.22771e-07
 1.31597e-07 1.30198e-07 1.18046e-07 9.62884e-08 6.72356e-08 3.43279e-08
 1.74162e-09-2.64767e-08-4.74312e-08-5.99225e-08-6.44516e-08-6.27848e-08
-5.69759e-08-4.85137e-08-3.79428e-08-2.52465e-08-1.04623e-08 5.92124e-09
 2.30384e-08 3.98925e-08 5.55974e-08 6.94813e-08 8.09478e-08 8.94727e-08
 9.45329e-08 9.58231e-08 9.36022e-08 8.86101e-08 8.18031e-08 7.40982e-08
 6.62718e-08 5.89376e-08 5.19022e-08 4.45254e-08 3.62098e-08 2.63520e-08
 1.49299e-08 2.60893e-09-9.30754e-09-1.93154e-08-2.62873e-08-2.98923e-08
-3.09186e-08-3.17370e-08-3.55126e-08-4.36726e-08-5.44389e-08-6.35847e-08
-6.75283e-08-6.62611e-08-6.26009e-08-5.88450e-08-5.51319e-08-5.10062e-08
-4.67788e-08-4.27325e-08-3.86011e-08-3.43724e-08-3.03785e-08-2.66722e-08
-2.32246e-08-2.01929e-08-1.75816e-08-1.53015e-08-1.33858e-08-1.17757e-08
-1.03619e-08-9.10765e-09-7.91185e-09-6.67440e-09-5.33730e-09-3.79141e-09
-1.94528e-09 2.85512e-10 2.97557e-09 6.12762e-09 9.71614e-09 1.36662e-08
 1.78529e-08 2.21143e-08 2.62448e-08 3.00264e-08 3.32251e-08 3.56124e-08
 3.69892e-08 3.72081e-08 3.62038e-08 3.40105e-08 3.07715e-08 2.67174e-08
 2.21179e-08 1.72417e-08 1.23538e-08 7.71331e-09 3.55866e-09 7.54600e-11
-2.64582e-09-4.61937e-09-5.92917e-09-6.69464e-09-7.05324e-09-7.14722e-09
-7.11295e-09-7.06973e-09-7.10468e-09-7.26251e-09-7.55419e-09-7.97099e-09
-8.48934e-09-9.07361e-09-9.68098e-09-1.02647e-08-1.07785e-08-1.11826e-08
-1.14465e-08-1.15480e-08-1.14715e-08-1.12089e-08-1.07586e-08-1.01230e-08
-9.30668e-09-8.31540e-09-7.15528e-09-5.83329e-09-4.35891e-09-2.74698e-09
-1.01997e-09 7.90847e-10 2.64454e-09 4.49008e-09 6.26707e-09 7.90739e-09
 9.33697e-09 1.04770e-08 1.12439e-08 1.15525e-08 1.13268e-08 1.05144e-08
 9.09928e-09 7.11131e-09 4.62991e-09 1.77946e-09-1.28298e-09-4.38801e-09
-7.36923e-09-1.00654e-08-1.23224e-08-1.40041e-08-1.50130e-08-1.53134e-08
-1.49389e-08-1.39743e-08-1.25308e-08-1.07311e-08-8.70146e-09-6.56676e-09
-4.44355e-09-2.42767e-09-5.80983e-10 1.06926e-09 2.51800e-09 3.77093e-09
 4.83960e-09 5.73885e-09 6.48577e-09 7.09823e-09 7.59036e-09 7.96866e-09
 8.23467e-09 8.39071e-09 8.44235e-09 8.39837e-09 8.27057e-09 8.07225e-09
 7.81671e-09 7.51771e-09 7.19066e-09 6.85270e-09 6.52169e-09 6.21430e-09
 5.94281e-09 5.71279e-09 5.52260e-09 5.36420e-09 5.22433e-09 5.08557e-09
 4.92656e-09 4.72164e-09 4.44063e-09 4.04923e-09 3.51285e-09 2.80515e-09
 1.91738e-09 8.64316e-10-3.14190e-10-1.55706e-09-2.78973e-09-3.93400e-09
-4.91892e-09-5.68565e-09-6.18462e-09-6.37421e-09-6.22696e-09-5.74121e-09
-4.95110e-09-3.92450e-09-2.74780e-09-1.51044e-09-2.98491e-10 8.07202e-10
 1.73441e-09 2.42601e-09 2.84908e-09 3.00124e-09 2.90742e-09 2.60911e-09
 2.15490e-09 1.59544e-09 9.80415e-10 3.55782e-10-2.39124e-10-7.75358e-10
-1.23649e-09-1.61618e-09-1.91317e-09-2.12807e-09-2.26232e-09-2.31764e-09
-2.29567e-09-2.19795e-09-2.02415e-09-1.77000e-09-1.42765e-09-9.88377e-10
-4.46069e-10 1.99479e-10 9.40344e-10 1.76083e-09 2.63957e-09 3.55107e-09
 4.46569e-09 5.34984e-09 6.16773e-09 6.88391e-09 7.46433e-09 7.87697e-09
 8.09512e-09 8.10261e-09 7.89727e-09 7.49103e-09 6.90760e-09 6.17817e-09
 5.33705e-09 4.41821e-09 3.45288e-09 2.46945e-09 1.49416e-09 5.48445e-10
-3.56880e-10-1.22703e-09-2.08440e-09-2.96234e-09-3.89439e-09-4.90654e-09
-6.01560e-09-7.22972e-09-8.54759e-09-9.95436e-09-1.14168e-08-1.28829e-08
-1.42894e-08-1.55716e-08-1.66691e-08-1.75285e-08-1.81056e-08-1.83680e-08
-1.82962e-08-1.78860e-08-1.71473e-08-1.61016e-08-1.47783e-08-1.32140e-08
-1.14510e-08-9.53538e-09-7.51488e-09-5.43765e-09-3.34995e-09-1.29430e-09
 6.90692e-10 2.56950e-09 4.30864e-09 5.87576e-09 7.23980e-09 8.37258e-09
 9.25105e-09 9.85796e-09 1.01816e-08 1.02166e-08 9.96495e-09 9.43704e-09
 8.65117e-09 7.63337e-09 6.41925e-09 5.05654e-09 3.60535e-09 2.13574e-09
 7.23367e-10-5.56891e-10-1.63752e-09-2.46333e-09-2.99433e-09-3.20620e-09
-3.08964e-09-2.65121e-09-1.91529e-09-9.24601e-10 2.62750e-10 1.58007e-09
 2.96025e-09 4.34088e-09 5.66581e-09 6.88602e-09 7.96174e-09 8.86546e-09
 9.58450e-09 1.01207e-08 1.04860e-08 1.06966e-08 1.07689e-08 1.07175e-08
 1.05553e-08 1.02925e-08 9.93455e-09 9.48126e-09 8.92761e-09 8.26790e-09
 7.49947e-09 6.62396e-09 5.64705e-09 4.57838e-09 3.43156e-09 2.22416e-09
 9.77104e-10-2.86605e-10-1.54349e-09-2.77057e-09-3.94607e-09-5.05053e-09
-6.06751e-09-6.98267e-09-7.78237e-09-8.45302e-09-8.98140e-09-9.35515e-09
-9.56338e-09-9.59763e-09-9.45301e-09-9.12904e-09-8.62886e-09-7.95728e-09
-7.11919e-09-6.11987e-09-4.96698e-09-3.67322e-09-2.25777e-09-7.45856e-10
 8.32181e-10 2.44163e-09 4.04384e-09 5.59609e-09 7.05138e-09 8.35939e-09
 9.46961e-09 1.03363e-08 1.09233e-08 1.12067e-08 1.11750e-08 1.08279e-08
 1.01760e-08 9.24230e-09 8.06094e-09 6.67555e-09 5.13427e-09 3.48470e-09
 1.77077e-09 3.19853e-11-1.69598e-09-3.38082e-09-4.99366e-09-6.50926e-09
-7.90556e-09-9.16199e-09-1.02581e-08-1.11733e-08-1.18887e-08-1.23869e-08
-1.26533e-08-1.26750e-08-1.24421e-08-1.19477e-08-1.11906e-08-1.01766e-08
-8.91926e-09-7.44055e-09-5.77101e-09-3.94885e-09-2.01825e-09-2.79290e-11
 1.96978e-09 3.91981e-09 5.76527e-09 7.44837e-09 8.91177e-09 1.01006e-08
 1.09650e-08 1.14627e-08 1.15614e-08 1.12397e-08 1.04874e-08 9.30476e-09
 7.70350e-09 5.70684e-09 3.34963e-09 6.76952e-10-2.25830e-09-5.39824e-09
-8.68241e-09-1.20488e-08-1.54337e-08-1.87708e-08-2.19908e-08-2.50219e-08
-2.77906e-08-3.02228e-08-3.22443e-08-3.37808e-08-3.47591e-08-3.51096e-08
-3.47699e-08-3.36876e-08-3.18231e-08-2.91496e-08-2.56538e-08-2.13368e-08
-1.62160e-08-1.03270e-08-3.72522e-09 3.51273e-09 1.12886e-08 1.94809e-08
 2.79435e-08 3.65044e-08 4.49670e-08 5.31124e-08 6.07035e-08 6.74902e-08
 7.32147e-08 7.76179e-08 8.04487e-08 8.14701e-08 8.04422e-08 7.71774e-08
 7.15650e-08 6.35717e-08 5.32758e-08 4.08568e-08 2.66510e-08 1.10992e-08
-5.17439e-09-2.14721e-08-3.69251e-08-5.06739e-08-6.17624e-08-6.93885e-08
-7.28039e-08-7.16141e-08-6.56997e-08-5.55283e-08-4.21045e-08-2.71812e-08
-1.31875e-08-3.28514e-09
     0.0000e+00     0.0000e+00      0  0  0.00
     512   0.50000  0.0000e+00
-9.77890e-09-1.32173e-08-9.32299e-09-7.54658e-09-3.11820e-09 2.80193e-10
 4.99976e-09 8.67598e-09 1.26393e-08 1.54167e-08 1.77499e-08 1.88399e-08
 1.90491e-08 1.80717e-08 1.60262e-08 1.29439e-08 8.82056e-09 3.91450e-09
-1.77036e-09-7.80222e-09-1.40587e-08-1.99728e-08-2.52435e-08-2.91493e-08
-3.12695e-08-3.09014e-08-2.74132e-08-2.02903e-08-9.50364e-09 4.07911e-09
 1.86733e-08 3.19120e-08 4.12943e-08 4.47078e-08 4.07464e-08 2.91849e-08
 1.15194e-08-9.34395e-09-2.97315e-08-4.61554e-08-5.62416e-08-5.91200e-08
-5.52000e-08-4.52019e-08-2.93325e-08-7.41962e-09 2.02850e-08 5.23662e-08
 8.62362e-08 1.18684e-07 1.46351e-07 1.65926e-07 1.74040e-07 1.67563e-07
 1.44282e-07 1.04108e-07 4.97233e-08-1.40867e-08-8.07324e-08-1.42074e-07
-1.89667e-07-2.16770e-07-2.19166e-07-1.96168e-07-1.52180e-07-9.55680e-08
-3.72796e-08 1.13244e-08 4.16850e-08 5.06389e-08 4.20398e-08 2.58200e-08
 1.41842e-08 1.55917e-08 2.96897e-08 4.68354e-08 5.45603e-08 4.72680e-08
 3.05886e-08 1.51758e-08 6.55101e-09 2.74205e-09 4.78185e-10-5.65378e-10
-2.10068e-10 2.93946e-10 3.43869e-10 6.37242e-10 1.24659e-09 1.72228e-09
 2.21584e-09 2.77296e-09 3.05846e-09 3.06792e-09 2.77764e-09 1.95661e-09
 6.29350e-10-1.17538e-09-3.46609e-09-6.05001e-09-8.80449e-09-1.16277e-08
-1.43406e-08-1.67948e-08-1.87499e-08-1.99764e-08-2.03164e-08-1.96227e-08
-1.78384e-08-1.49709e-08-1.11236e-08-6.47922e-09-1.27170e-09 4.19494e-09
 9.59107e-09 1.45711e-08 1.88023e-08 2.19749e-08 2.38167e-08 2.41347e-08
 2.28886e-08 2.02307e-08 1.64787e-08 1.20795e-08 7.54820e-09 3.38830e-09
 4.91145e-12-2.34281e-09-3.54633e-09-3.63923e-09-2.76950e-09-1.15807e-09
 9.33678e-10 3.23881e-09 5.52271e-09 7.60589e-09 9.36413e-09 1.07213e-08
 1.16454e-08 1.21389e-08 1.22289e-08 1.19599e-08 1.13832e-08 1.05448e-08
 9.47971e-09 8.21060e-09 6.75063e-09 5.10952e-09 3.29944e-09 1.33735e-09
-7.51917e-10-2.93234e-09-5.15568e-09-7.36223e-09-9.48094e-09-1.14281e-08
-1.31095e-08-1.44248e-08-1.52714e-08-1.55492e-08-1.51695e-08-1.40686e-08
-1.22212e-08-9.65091e-09-6.43318e-09-2.70095e-09 1.34578e-09 5.43746e-09
 9.24502e-09 1.23994e-08 1.45205e-08 1.52668e-08 1.44103e-08 1.19099e-08
 7.93614e-09 2.84247e-09-2.88471e-09-8.69342e-09-1.40495e-08-1.85135e-08
-2.17895e-08-2.37410e-08-2.43872e-08-2.38794e-08-2.24566e-08-2.04037e-08
-1.80137e-08-1.55455e-08-1.31933e-08-1.10789e-08-9.26038e-09-7.74378e-09
-6.49700e-09-5.46678e-09-4.59021e-09-3.80492e-09-3.06235e-09-2.33570e-09
-1.61969e-09-9.27270e-10-2.85173e-10 2.72891e-10 7.14287e-10 1.01326e-09
 1.15652e-09 1.14829e-09 1.01076e-09 7.80708e-10 5.07124e-10 2.50381e-10
 7.96815e-11 6.82059e-11 2.88328e-10 8.06616e-10 1.67746e-09 2.93482e-09
 4.58402e-09 6.59935e-09 8.93059e-09 1.15117e-08 1.42571e-08 1.70485e-08
 1.97264e-08 2.20901e-08 2.39016e-08 2.49046e-08 2.48718e-08 2.36692e-08
 2.13073e-08 1.79526e-08 1.39057e-08 9.56371e-09 5.36289e-09 1.71077e-09
-1.07308e-09-2.79707e-09-3.41475e-09-3.02031e-09-1.82063e-09-9.03645e-11
 1.87058e-09 3.77740e-09 5.40104e-09 6.59181e-09 7.27935e-09 7.45968e-09
 7.17911e-09 6.51719e-09 5.57018e-09 4.43996e-09 3.22327e-09 1.99797e-09
 8.15420e-10-2.98263e-10-1.33814e-09-2.31504e-09-3.24760e-09-4.15471e-09
-5.05048e-09-5.93923e-09-6.81120e-09-7.64451e-09-8.41244e-09-9.08886e-09
-9.64904e-09-1.00676e-08-1.03167e-08-1.03669e-08-1.01915e-08-9.77239e-09
-9.10671e-09-8.21477e-09-7.14322e-09-5.95686e-09-4.72393e-09-3.50855e-09
-2.37668e-09-1.40487e-09-6.85042e-10-3.29272e-10-4.69805e-10-1.23932e-09
-2.72924e-09-4.94551e-09-7.78545e-09-1.10432e-08-1.44354e-08-1.76409e-08
-2.03497e-08-2.23084e-08-2.33536e-08-2.34323e-08-2.26044e-08-2.10258e-08
-1.89136e-08-1.65069e-08-1.40345e-08-1.16843e-08-9.58063e-09-7.77973e-09
-6.27890e-09-5.03103e-09-3.96117e-09-2.98384e-09-2.01654e-09-9.88160e-10
 1.52246e-10 1.42687e-09 2.82888e-09 4.32808e-09 5.87758e-09 7.42261e-09
 8.91059e-09 1.02983e-08 1.15556e-08 1.26689e-08 1.36419e-08 1.44908e-08
 1.52363e-08 1.58999e-08 1.65030e-08 1.70689e-08 1.76220e-08 1.81858e-08
 1.87769e-08 1.94006e-08 2.00458e-08 2.06803e-08 2.12529e-08 2.17066e-08
 2.19940e-08 2.20837e-08 2.19528e-08 2.15794e-08 2.09352e-08 1.99799e-08
 1.86605e-08 1.69278e-08 1.47659e-08 1.22180e-08 9.39712e-09 6.47747e-09
 3.67109e-09 1.19533e-09-7.62901e-10-2.07708e-09-2.70152e-09-2.68220e-09
-2.15256e-09-1.31230e-09-3.94867e-10 3.67793e-10 7.75817e-10 6.87057e-10
 3.37763e-11-1.17651e-09-2.87245e-09-4.93575e-09-7.22051e-09-9.57190e-09
-1.18411e-08-1.38965e-08-1.56341e-08-1.69855e-08-1.79185e-08-1.84330e-08
-1.85544e-08-1.83259e-08-1.77994e-08-1.70273e-08-1.60582e-08-1.49312e-08
-1.36739e-08-1.23055e-08-1.08431e-08-9.30327e-09-7.70032e-09-6.04406e-09
-4.33946e-09-2.59092e-09-8.08825e-10 9.84319e-10 2.74873e-09 4.42433e-09
 5.93490e-09 7.20205e-09 8.16118e-09 8.76872e-09 8.99966e-09 8.84178e-09
 8.29082e-09 7.34592e-09 6.00987e-09 4.29959e-09 2.26289e-09-8.80699e-12
-2.37899e-09-4.67681e-09-6.71751e-09-8.32819e-09-9.37310e-09-9.77345e-09
-9.52017e-09-8.67945e-09-7.38599e-09-5.82211e-09-4.18802e-09-2.67098e-09
-1.41933e-09-5.24400e-10-1.26052e-11 1.49682e-10 4.13969e-11-2.31972e-10
-5.57974e-10-8.34146e-10-9.79452e-10-9.40655e-10-6.95661e-10-2.53856e-10
 3.48881e-10 1.05944e-09 1.81743e-09 2.56515e-09 3.25611e-09 3.85921e-09
 4.35906e-09 4.75491e-09 5.05770e-09 5.28326e-09 5.44421e-09 5.54611e-09
 5.58917e-09 5.57226e-09 5.49564e-09 5.36040e-09 5.16549e-09 4.90531e-09
 4.56875e-09 4.13925e-09 3.59820e-09 2.93352e-09 2.14907e-09 1.26741e-09
 3.24964e-10-6.35556e-10-1.57166e-09-2.44583e-09-3.22634e-09-3.88137e-09
-4.36889e-09-4.62911e-09-4.58357e-09-4.14215e-09-3.21714e-09-1.74134e-09
 3.14336e-10 2.92746e-09 6.01596e-09 9.43637e-09 1.29918e-08 1.64517e-08
 1.95800e-08 2.21638e-08 2.40381e-08 2.51018e-08 2.53231e-08 2.47346e-08
 2.34190e-08 2.14907e-08 1.90771e-08 1.63002e-08 1.32639e-08 1.00463e-08
 6.69591e-09 3.23261e-09-3.47600e-10-4.06333e-09-7.93683e-09-1.19827e-08
-1.61972e-08-2.05519e-08-2.49910e-08-2.94322e-08-3.37697e-08-3.78796e-08
-4.16275e-08-4.48734e-08-4.74721e-08-4.92684e-08-5.00729e-08-4.97047e-08
-4.80110e-08-4.48655e-08-4.01986e-08-3.39887e-08-2.63134e-08-1.73066e-08
-7.23488e-09 3.58391e-09 1.46663e-08 2.54859e-08 3.53380e-08 4.35165e-08
 4.91835e-08 5.16019e-08 5.00842e-08 4.44043e-08 3.49751e-08 2.31947e-08
 1.14088e-08 2.79409e-09
     0.0000e+00     0.0000e+00      0  0  0.00
     512   0.50000  0.0000e+00
-4.60484e-09-2.83965e-09 3.51590e-09 9.05700e-09 1.64413e-08 2.36390e-08
 3.20996e-08 4.05598e-08 4.98958e-08 5.92490e-08 6.90450e-08 7.86369e-08
 8.80241e-08 9.66063e-08 1.03970e-07 1.09432e-07 1.12217e-07 1.11536e-07
 1.06437e-07 9.61897e-08 8.00170e-08 5.75933e-08 2.87861e-08-5.85301e-09
-4.53600e-08-8.78836e-08-1.30799e-07-1.70633e-07-2.03245e-07-2.24293e-07
-2.29709e-07-2.16180e-07-1.82520e-07-1.30682e-07-6.51724e-08 7.26372e-09
 7.79162e-08 1.38030e-07 1.80817e-07 2.02915e-07 2.05000e-07 1.90934e-07
 1.66050e-07 1.34956e-07 1.00231e-07 6.27767e-08 2.30672e-08-1.74770e-08
-5.62792e-08-9.02180e-08-1.16774e-07-1.34761e-07-1.43901e-07-1.44489e-07
-1.36919e-07-1.22299e-07-1.03267e-07-8.35320e-08-6.70407e-08-5.68726e-08
-5.43722e-08-5.92053e-08-6.80119e-08-7.54814e-08-7.60906e-08-6.48195e-08
-3.97105e-08-2.89253e-09 3.90776e-08 7.67156e-08 1.00640e-07 1.05057e-07
 9.09939e-08 6.83903e-08 5.24515e-08 5.33183e-08 6.83220e-08 8.36023e-08
 8.60772e-08 7.48626e-08 5.91942e-08 4.66487e-08 3.73373e-08 2.92420e-08
 2.28098e-08 1.83188e-08 1.42361e-08 9.98262e-09 6.29872e-09 3.13614e-09
 2.25812e-10-2.02757e-09-3.62686e-09-4.83091e-09-5.48429e-09-5.70109e-09
-5.74232e-09-5.61239e-09-5.47512e-09-5.43696e-09-5.42959e-09-5.52501e-09
-5.75079e-09-6.15075e-09-6.80034e-09-7.64583e-09-8.66488e-09-9.81645e-09
-1.10476e-08-1.23219e-08-1.35688e-08-1.47510e-08-1.58169e-08-1.67134e-08
-1.73902e-08-1.77945e-08-1.78902e-08-1.76605e-08-1.71295e-08-1.63519e-08
-1.53991e-08-1.43310e-08-1.31886e-08-1.19921e-08-1.07463e-08-9.45318e-09
-8.11798e-09-6.74859e-09-5.35597e-09-3.95375e-09-2.55517e-09-1.17059e-09
 1.93338e-10 1.53026e-09 2.83388e-09 4.09689e-09 5.31031e-09 6.46273e-09
 7.54042e-09 8.52849e-09 9.41183e-09 1.01758e-08 1.08071e-08 1.12941e-08
 1.16276e-08 1.18015e-08 1.18123e-08 1.16591e-08 1.13446e-08 1.08758e-08
 1.02649e-08 9.52918e-09 8.69205e-09 7.78229e-09 6.83394e-09 5.88447e-09
 4.97242e-09 4.13518e-09 3.40778e-09 2.82326e-09 2.41119e-09 2.19538e-09
 2.19292e-09 2.41267e-09 2.85306e-09 3.50149e-09 4.33397e-09 5.31406e-09
 6.39336e-09 7.51442e-09 8.61456e-09 9.63006e-09 1.05009e-08 1.11744e-08
 1.16063e-08 1.17625e-08 1.16205e-08 1.11695e-08 1.04114e-08 9.35994e-09
 8.03875e-09 6.47851e-09 4.71487e-09 2.78592e-09 7.29898e-10-1.41558e-09
-3.61288e-09-5.82305e-09-8.00485e-09-1.01150e-08-1.21090e-08-1.39433e-08
-1.55770e-08-1.69729e-08-1.80990e-08-1.89290e-08-1.94438e-08-1.96322e-08
-1.94909e-08-1.90263e-08-1.82537e-08-1.71984e-08-1.58947e-08-1.43851e-08
-1.27182e-08-1.09471e-08-9.12841e-09-7.31929e-09-5.57475e-09-3.94364e-09
-2.46577e-09-1.17012e-09-7.39184e-11 8.17342e-10 1.50910e-09 2.01617e-09
 2.36109e-09 2.57184e-09 2.67866e-09 2.71082e-09 2.69417e-09 2.64968e-09
 2.59274e-09 2.53332e-09 2.47675e-09 2.42474e-09 2.37659e-09 2.33042e-09
 2.28440e-09 2.23780e-09 2.19116e-09 2.14547e-09 2.10104e-09 2.05679e-09
 2.01021e-09 1.95738e-09 1.89345e-09 1.81346e-09 1.71312e-09 1.58919e-09
 1.44011e-09 1.26642e-09 1.07103e-09 8.59107e-10 6.37605e-10 4.14167e-10
 1.95334e-10-1.50281e-11-2.16816e-10-4.13907e-10-6.13072e-10-8.22199e-10
-1.04842e-09-1.29631e-09-1.56618e-09-1.85347e-09-2.15005e-09-2.44661e-09
-2.73485e-09-3.00834e-09-3.26284e-09-3.49614e-09-3.70758e-09-3.89770e-09
-4.06839e-09-4.22305e-09-4.36582e-09-4.50001e-09-4.62676e-09-4.74424e-09
-4.84757e-09-4.92953e-09-4.98273e-09-5.00260e-09-4.98932e-09-4.94792e-09
-4.88720e-09-4.81826e-09-4.75295e-09-4.70168e-09-4.67114e-09-4.66242e-09
-4.66952e-09-4.67839e-09-4.66698e-09-4.60630e-09-4.46217e-09-4.19753e-09
-3.77512e-09-3.16014e-09-2.32222e-09-1.23678e-09 1.13284e-10 1.73521e-09
 3.62415e-09 5.76234e-09 8.11935e-09 1.06527e-08 1.33084e-08 1.60224e-08
 1.87227e-08 2.13317e-08 2.37691e-08 2.59553e-08 2.78161e-08 2.92859e-08
 3.03121e-08 3.08567e-08 3.08980e-08 3.04303e-08 2.94631e-08 2.80198e-08
 2.61349e-08 2.38525e-08 2.12233e-08 1.83029e-08 1.51510e-08 1.18292e-08
 8.40117e-09 4.93300e-09 1.49367e-09-1.84457e-09-5.00652e-09-7.91551e-09
-1.04960e-08-1.26771e-08-1.43969e-08-1.56058e-08-1.62714e-08-1.63821e-08
-1.59502e-08-1.50133e-08-1.36345e-08-1.18992e-08-9.91076e-09-7.78293e-09
-5.63317e-09-3.57505e-09-1.71154e-09-1.30138e-10 1.09982e-09 1.92851e-09
 2.32648e-09 2.28451e-09 1.81233e-09 9.36230e-10-3.03716e-10-1.85660e-09
-3.66336e-09-5.65906e-09-7.77496e-09-9.94077e-09-1.20869e-08-1.41464e-08
-1.60573e-08-1.77637e-08-1.92182e-08-2.03823e-08-2.12266e-08-2.17308e-08
-2.18835e-08-2.16819e-08-2.11310e-08-2.02424e-08-1.90336e-08-1.75268e-08
-1.57486e-08-1.37290e-08-1.15014e-08-9.10236e-09-6.57162e-09-3.95211e-09
-1.28935e-09 1.36930e-09 3.97561e-09 6.48127e-09 8.83875e-09 1.10024e-08
 1.29295e-08 1.45817e-08 1.59262e-08 1.69362e-08 1.75915e-08 1.78792e-08
 1.77937e-08 1.73363e-08 1.65160e-08 1.53491e-08 1.38592e-08 1.20776e-08
 1.00422e-08 7.79730e-09 5.39193e-09 2.87883e-09 3.12817e-10-2.25061e-09
-4.75662e-09-7.15228e-09-9.38759e-09-1.14164e-08-1.31969e-08-1.46921e-08
-1.58694e-08-1.67018e-08-1.71675e-08-1.72515e-08-1.69456e-08-1.62498e-08
-1.51727e-08-1.37318e-08-1.19533e-08-9.87166e-09-7.52931e-09-4.97551e-09
-2.26526e-09 5.42248e-10 3.38527e-09 6.20124e-09 8.92842e-09 1.15074e-08
 1.38823e-08 1.60018e-08 1.78202e-08 1.92973e-08 2.03994e-08 2.10995e-08
 2.13776e-08 2.12215e-08 2.06276e-08 1.96011e-08 1.81576e-08 1.63233e-08
 1.41359e-08 1.16442e-08 8.90795e-09 5.99673e-09 2.98838e-09-3.30236e-11
-2.97956e-09-5.76215e-09-8.29319e-09-1.04890e-08-1.22724e-08-1.35742e-08
-1.43354e-08-1.45083e-08-1.40570e-08-1.29593e-08-1.12068e-08-8.80562e-09
-5.77777e-09-2.16116e-09 1.98984e-09 6.60443e-09 1.15960e-08 1.68630e-08
 2.22913e-08 2.77560e-08 3.31245e-08 3.82600e-08 4.30246e-08 4.72826e-08
 5.09039e-08 5.37669e-08 5.57599e-08 5.67833e-08 5.67505e-08 5.55892e-08
 5.32420e-08 4.96679e-08 4.48431e-08 3.87631e-08 3.14435e-08 2.29224e-08
 1.32623e-08 2.55164e-09-9.09309e-09-2.15262e-08-3.45716e-08-4.80220e-08
-6.16386e-08-7.51508e-08-8.82571e-08-1.00627e-07-1.11902e-07-1.21704e-07
-1.29639e-07-1.35309e-07-1.38328e-07-1.38328e-07-1.34936e-07-1.27863e-07
-1.16949e-07-1.02165e-07-8.36652e-08-6.17750e-08-3.70826e-08-1.03495e-08
 1.73565e-08 4.48530e-08 7.06782e-08 9.34020e-08 1.11444e-07 1.23501e-07
 1.28366e-07 1.25431e-07 1.14529e-07 9.64658e-08 7.29536e-08 4.69936e-08
 2.27549e-08 5.65709e-09
     0.0000e+00     0.0000e+00      0  0  0.00
     512   0.50000  0.0000e+00
 5.55929e-09 6.20681e-09 2.81841e-09 9.37612e-10-2.14092e-09-4.31629e-09
-7.02383e-09-8.97677e-09-1.10671e-08-1.25269e-08-1.39194e-08-1.48793e-08
-1.57709e-08-1.65445e-08-1.74492e-08-1.86581e-08-2.03479e-08-2.27958e-08
-2.60946e-08-3.04827e-08-3.59108e-08-4.24320e-08-4.97743e-08-5.77056e-08
-6.56106e-08-7.28375e-08-7.85196e-08-8.16765e-08-8.15049e-08-7.75625e-08
-6.95885e-08-5.75584e-08-4.23805e-08-2.56536e-08-8.99165e-09 6.03086e-09
 1.81310e-08 2.68115e-08 3.26964e-08 3.72391e-08 4.24005e-08 5.00770e-08
 6.14825e-08 7.68416e-08 9.54698e-08 1.16132e-07 1.37240e-07 1.56924e-07
 1.73009e-07 1.83264e-07 1.85935e-07 1.80295e-07 1.66174e-07 1.43502e-07
 1.12650e-07 7.50419e-08 3.34076e-08-9.21846e-09-5.01679e-08-8.66507e-08
-1.16432e-07-1.38260e-07-1.51596e-07-1.56940e-07-1.55116e-07-1.47324e-07
-1.34605e-07-1.17612e-07-9.71328e-08-7.41888e-08-5.08469e-08-3.00124e-08
-1.49205e-08-7.72282e-09-7.56891e-09-1.02089e-08-1.04909e-08-6.09654e-09
 8.99704e-10 6.49611e-09 9.02071e-09 9.91424e-09 1.08165e-08 1.17043e-08
 1.22781e-08 1.29830e-08 1.39576e-08 1.47266e-08 1.52104e-08 1.56073e-08
 1.57773e-08 1.56733e-08 1.54595e-08 1.50891e-08 1.45390e-08 1.39249e-08
 1.32221e-08 1.24333e-08 1.16104e-08 1.07143e-08 9.77759e-09 8.85536e-09
 7.96577e-09 7.16446e-09 6.45459e-09 5.83549e-09 5.32336e-09 4.90439e-09
 4.57771e-09 4.32417e-09 4.12665e-09 3.96756e-09 3.81910e-09 3.66289e-09
 3.47437e-09 3.23481e-09 2.92784e-09 2.54464e-09 2.08440e-09 1.55360e-09
 9.63459e-10 3.25638e-10-3.45846e-10-1.03744e-09-1.73542e-09-2.42711e-09
-3.10107e-09-3.74784e-09-4.35919e-09-4.92824e-09-5.44848e-09-5.91409e-09
-6.31968e-09-6.66046e-09-6.93239e-09-7.13195e-09-7.25665e-09-7.30497e-09
-7.27637e-09-7.17125e-09-6.99124e-09-6.73932e-09-6.41950e-09-6.03691e-09
-5.59764e-09-5.10846e-09-4.57681e-09-4.01136e-09-3.42233e-09-2.82097e-09
-2.21902e-09-1.62820e-09-1.05977e-09-5.24269e-10-3.14333e-11 4.10153e-10
 7.93661e-10 1.11453e-09 1.37069e-09 1.56273e-09 1.69398e-09 1.77064e-09
 1.80169e-09 1.79889e-09 1.77651e-09 1.75067e-09 1.73807e-09 1.75466e-09
 1.81450e-09 1.92892e-09 2.10585e-09 2.34919e-09 2.65832e-09 3.02826e-09
 3.45029e-09 3.91284e-09 4.40269e-09 4.90570e-09 5.40712e-09 5.89231e-09
 6.34778e-09 6.76145e-09 7.12259e-09 7.42195e-09 7.65196e-09 7.80629e-09
 7.87963e-09 7.86794e-09 7.76848e-09 7.57984e-09 7.30218e-09 6.93741e-09
 6.48896e-09 5.96177e-09 5.36268e-09 4.70056e-09 3.98618e-09 3.23230e-09
 2.45341e-09 1.66500e-09 8.82723e-10 1.21934e-10-6.03193e-10-1.28070e-09
-1.90143e-09-2.45911e-09-2.95028e-09-3.37425e-09-3.73285e-09-4.03021e-09
-4.27241e-09-4.46682e-09-4.62166e-09-4.74585e-09-4.84831e-09-4.93654e-09
-5.01581e-09-5.08906e-09-5.15649e-09-5.21527e-09-5.26074e-09-5.28780e-09
-5.29138e-09-5.26679e-09-5.21044e-09-5.12015e-09-4.99509e-09-4.83577e-09
-4.64431e-09-4.42388e-09-4.17789e-09-3.90989e-09-3.62412e-09-3.32556e-09
-3.01942e-09-2.71083e-09-2.40503e-09-2.10772e-09-1.82501e-09-1.56317e-09
-1.32835e-09-1.12595e-09-9.59863e-10-8.32251e-10-7.43697e-10-6.93202e-10
-6.77978e-10-6.93608e-10-7.34631e-10-7.95047e-10-8.68441e-10-9.48016e-10
-1.02677e-09-1.09769e-09-1.15404e-09-1.18964e-09-1.19900e-09-1.17694e-09
-1.11863e-09-1.01979e-09-8.76471e-10-6.84989e-10-4.42732e-10-1.49063e-10
 1.95184e-10 5.88240e-10 1.02640e-09 1.50321e-09 2.01056e-09 2.54023e-09
 3.08378e-09 3.63212e-09 4.17605e-09 4.70711e-09 5.21767e-09 5.70077e-09
 6.15041e-09 6.56168e-09 6.93064e-09 7.25465e-09 7.53254e-09 7.76431e-09
 7.95118e-09 8.09615e-09 8.20396e-09 8.27988e-09 8.32883e-09 8.35514e-09
 8.36216e-09 8.35103e-09 8.31968e-09 8.26296e-09 8.17365e-09 8.04317e-09
 7.86169e-09 7.61830e-09 7.30164e-09 6.90111e-09 6.40793e-09 5.81588e-09
 5.12163e-09 4.32490e-09 3.42881e-09 2.44034e-09 1.37024e-09 2.32509e-10
-9.56384e-10-2.17793e-09-3.41225e-09-4.63899e-09-5.83799e-09-6.98934e-09
-8.07368e-09-9.07290e-09-9.97060e-09-1.07518e-08-1.14024e-08-1.19102e-08
-1.22654e-08-1.24607e-08-1.24912e-08-1.23550e-08-1.20547e-08-1.15981e-08
-1.09987e-08-1.02767e-08-9.45839e-09-8.57594e-09-7.66642e-09-6.76959e-09
-5.92530e-09-5.17105e-09-4.53969e-09-4.05657e-09-3.73716e-09-3.58600e-09
-3.59679e-09-3.75249e-09-4.02612e-09-4.38285e-09-4.78289e-09-5.18437e-09
-5.54592e-09-5.82901e-09-5.99983e-09-6.03043e-09-5.89997e-09-5.59587e-09
-5.11384e-09-4.45708e-09-3.63567e-09-2.66635e-09-1.57143e-09-3.76941e-10
 8.88789e-10 2.19586e-09 3.51367e-09 4.81227e-09 6.06355e-09 7.24180e-09
 8.32383e-09 9.28919e-09 1.01203e-08 1.08026e-08 1.13240e-08 1.16747e-08
 1.18469e-08 1.18359e-08 1.16400e-08 1.12609e-08 1.07037e-08 9.97738e-09
 9.09545e-09 8.07585e-09 6.94080e-09 5.71622e-09 4.43099e-09 3.11625e-09
 1.80434e-09 5.27359e-10-6.83973e-10-1.80124e-09-2.79901e-09-3.65558e-09
-4.35350e-09-4.87978e-09-5.22605e-09-5.38853e-09-5.36776e-09-5.16798e-09
-4.79675e-09-4.26467e-09-3.58520e-09-2.77454e-09-1.85151e-09-8.37356e-10
 2.44566e-10 1.36887e-09 2.50824e-09 3.63382e-09 4.71596e-09 5.72496e-09
 6.63175e-09 7.40894e-09 8.03209e-09 8.48074e-09 8.73896e-09 8.79561e-09
 8.64446e-09 8.28434e-09 7.71900e-09 6.95691e-09 6.01087e-09 4.89778e-09
 3.63844e-09 2.25730e-09 7.81900e-10-7.57587e-10-2.32875e-09-3.89734e-09
-5.42778e-09-6.88379e-09-8.22921e-09-9.42883e-09-1.04494e-08-1.12605e-08
-1.18361e-08-1.21555e-08-1.22043e-08-1.19757e-08-1.14710e-08-1.06997e-08
-9.67989e-09-8.43782e-09-7.00716e-09-5.42817e-09-3.74651e-09-2.01193e-09
-2.76902e-10 1.40492e-09 2.98020e-09 4.39739e-09 5.60828e-09 6.56927e-09
 7.24271e-09 7.59803e-09 7.61278e-09 7.27334e-09 6.57539e-09 5.52412e-09
 4.13408e-09 2.42877e-09 4.39927e-10-1.79340e-09-4.22592e-09-6.80724e-09
-9.48296e-09-1.21958e-08-1.48864e-08-1.74945e-08-1.99594e-08-2.22205e-08
-2.42175e-08-2.58915e-08-2.71847e-08-2.80419e-08-2.84109e-08-2.82440e-08
-2.74990e-08-2.61409e-08-2.41429e-08-2.14880e-08-1.81699e-08-1.41949e-08
-9.58265e-09-4.36805e-09 1.39795e-09 7.64707e-09 1.42927e-08 2.12294e-08
 2.83323e-08 3.54569e-08 4.24405e-08 4.91025e-08 5.52471e-08 6.06666e-08
 6.51457e-08 6.84680e-08 7.04234e-08 7.08150e-08 6.94433e-08 6.61548e-08
 6.08631e-08 5.35480e-08 4.42865e-08 3.32417e-08 2.07127e-08 7.08827e-09
-7.08458e-09-2.11980e-08-3.44981e-08-4.62448e-08-5.56183e-08-6.19406e-08
-6.45853e-08-6.32406e-08-5.78337e-08-4.87897e-08-3.69737e-08-2.38820e-08
-1.16034e-08-2.89407e-09
     0.0000e+00     0.0000e+00      0  0  0.00
     512   0.50000  0.0000e+00
 5.84695e-09 7.06767e-09 3.89503e-09 2.25146e-09-7.81326e-10-2.95844e-09
-5.81610e-09-7.96890e-09-1.03304e-08-1.20290e-08-1.35734e-08-1.44667e-08
-1.49469e-08-1.48018e-08-1.41087e-08-1.28747e-08-1.11184e-08-9.01542e-09
-6.60551e-09-4.18171e-09-1.84682e-09 4.23000e-11 1.31202e-09 1.56748e-09
 6.45681e-10-1.73653e-09-5.75444e-09-1.14234e-08-1.83123e-08-2.53862e-08
-3.12510e-08-3.45679e-08-3.43492e-08-3.01283e-08-2.18725e-08-1.01701e-08
 3.66863e-09 1.81151e-08 3.19064e-08 4.44747e-08 5.59917e-08 6.70552e-08
 7.81476e-08 8.89752e-08 9.83014e-08 1.04387e-07 1.05438e-07 9.97940e-08
 8.59078e-08 6.25548e-08 2.95307e-08-1.18284e-08-5.91828e-08-1.09467e-07
-1.57970e-07-1.98530e-07-2.25235e-07-2.33766e-07-2.20976e-07-1.85466e-07
-1.30353e-07-6.26000e-08 9.59698e-09 7.56826e-08 1.24897e-07 1.50581e-07
 1.49868e-07 1.25852e-07 8.77968e-08 4.82230e-08 1.99799e-08 1.10126e-08
 2.06567e-08 3.88927e-08 5.11343e-08 4.71801e-08 2.85154e-08 7.08268e-09
-5.31962e-09-6.87218e-09-4.29926e-09-3.09620e-09-3.01516e-09-2.60642e-09
-2.70713e-09-3.75848e-09-4.46439e-09-4.42893e-09-4.41310e-09-4.34435e-09
-4.00002e-09-3.85104e-09-3.93506e-09-4.03417e-09-4.33994e-09-4.76793e-09
-5.09699e-09-5.37818e-09-5.50065e-09-5.42555e-09-5.29605e-09-5.10337e-09
-4.88188e-09-4.62527e-09-4.25981e-09-3.81817e-09-3.28001e-09-2.64410e-09
-1.92704e-09-1.12848e-09-2.83571e-10 6.03490e-10 1.50752e-09 2.40976e-09
 3.29853e-09 4.15525e-09 4.96690e-09 5.71357e-09 6.37697e-09 6.93038e-09
 7.35235e-09 7.62605e-09 7.74396e-09 7.70806e-09 7.52759e-09 7.21732e-09
 6.79378e-09 6.27177e-09 5.66371e-09 4.98065e-09 4.23208e-09 3.42763e-09
 2.57747e-09 1.69374e-09 7.89339e-10-1.22345e-10-1.02862e-09-1.91770e-09
-2.77927e-09-3.60429e-09-4.38373e-09-5.10852e-09-5.77016e-09-6.36136e-09
-6.87628e-09-7.31078e-09-7.66272e-09-7.93155e-09-8.11882e-09-8.22986e-09
-8.27427e-09-8.26451e-09-8.21375e-09-8.13490e-09-8.04106e-09-7.94618e-09
-7.86600e-09-7.81845e-09-7.82259e-09-7.89679e-09-8.05688e-09-8.31437e-09
-8.67513e-09-9.13829e-09-9.69519e-09-1.03286e-08-1.10128e-08-1.17147e-08
-1.23958e-08-1.30138e-08-1.35234e-08-1.38779e-08-1.40320e-08-1.39456e-08
-1.35877e-08-1.29393e-08-1.19945e-08-1.07588e-08-9.24743e-09-7.48273e-09
-5.49269e-09-3.31047e-09-9.74229e-10 1.47313e-09 3.98471e-09 6.51142e-09
 9.00447e-09 1.14175e-08 1.37078e-08 1.58366e-08 1.77689e-08 1.94733e-08
 2.09215e-08 2.20876e-08 2.29492e-08 2.34880e-08 2.36922e-08 2.35584e-08
 2.30920e-08 2.23073e-08 2.12266e-08 1.98801e-08 1.83061e-08 1.65507e-08
 1.46672e-08 1.27120e-08 1.07408e-08 8.80481e-09 6.94886e-09 5.21017e-09
 3.61717e-09 2.18877e-09 9.33976e-10-1.47307e-10-1.06236e-09-1.82317e-09
-2.44453e-09-2.94325e-09-3.33844e-09-3.65146e-09-3.90485e-09-4.12030e-09
-4.31680e-09-4.50962e-09-4.71018e-09-4.92642e-09-5.16304e-09-5.42118e-09
-5.69775e-09-5.98533e-09-6.27306e-09-6.54825e-09-6.79811e-09-7.01098e-09
-7.17678e-09-7.28695e-09-7.33436e-09-7.31324e-09-7.21971e-09-7.05229e-09
-6.81158e-09-6.49888e-09-6.11497e-09-5.65938e-09-5.13054e-09-4.52693e-09
-3.84842e-09-3.09698e-09-2.27717e-09-1.39686e-09-4.68128e-10 4.92892e-10
 1.46787e-09 2.43947e-09 3.39377e-09 4.32081e-09 5.21330e-09 6.06458e-09
 6.86737e-09 7.61391e-09 8.29710e-09 8.91150e-09 9.45309e-09 9.91844e-09
 1.03036e-08 1.06035e-08 1.08127e-08 1.09263e-08 1.09429e-08 1.08657e-08
 1.07043e-08 1.04734e-08 1.01896e-08 9.86876e-09 9.52491e-09 9.17025e-09
 8.81504e-09 8.46684e-09 8.13000e-09 7.80521e-09 7.48926e-09 7.17516e-09
 6.85253e-09 6.50802e-09 6.12561e-09 5.68640e-09 5.16777e-09 4.54268e-09
 3.77988e-09 2.84573e-09 1.70714e-09 3.34460e-10-1.29609e-09-3.19962e-09
-5.37966e-09-7.82558e-09-1.05111e-08-1.33932e-08-1.64128e-08-1.94966e-08
-2.25620e-08-2.55230e-08-2.82959e-08-3.08037e-08-3.29783e-08-3.47620e-08
-3.61083e-08-3.69825e-08-3.73618e-08-3.72350e-08-3.66033e-08-3.54793e-08
-3.38859e-08-3.18547e-08-2.94241e-08-2.66386e-08-2.35477e-08-2.02069e-08
-1.66775e-08-1.30251e-08-9.31739e-09-5.62176e-09-2.00359e-09 1.47503e-09
 4.75601e-09 7.78588e-09 1.05171e-08 1.29097e-08 1.49332e-08 1.65676e-08
 1.78051e-08 1.86506e-08 1.91217e-08 1.92476e-08 1.90677e-08 1.86304e-08
 1.79919e-08 1.72134e-08 1.63569e-08 1.54818e-08 1.46403e-08 1.38765e-08
 1.32257e-08 1.27145e-08 1.23607e-08 1.21730e-08 1.21506e-08 1.22842e-08
 1.25559e-08 1.29410e-08 1.34096e-08 1.39280e-08 1.44608e-08 1.49717e-08
 1.54238e-08 1.57805e-08 1.60066e-08 1.60708e-08 1.59474e-08 1.56184e-08
 1.50736e-08 1.43120e-08 1.33413e-08 1.21769e-08 1.08407e-08 9.36005e-09
 7.76621e-09 6.09293e-09 4.37397e-09 2.64082e-09 9.21059e-10-7.62013e-10
-2.38920e-09-3.94488e-09-5.41600e-09-6.79075e-09-8.05720e-09-9.20241e-09
-1.02121e-08-1.10706e-08-1.17617e-08-1.22685e-08-1.25754e-08-1.26691e-08
-1.25408e-08-1.21882e-08-1.16167e-08-1.08398e-08-9.87833e-09-8.75943e-09
-7.51516e-09-6.18068e-09-4.79254e-09-3.38663e-09-1.99632e-09-6.51128e-10
 6.23917e-10 1.80848e-09 2.88651e-09 3.84533e-09 4.67423e-09 5.36317e-09
 5.90204e-09 6.28044e-09 6.48799e-09 6.51491e-09 6.35301e-09 5.99697e-09
 5.44599e-09 4.70524e-09 3.78674e-09 2.70977e-09 1.50070e-09 1.92277e-10
-1.17790e-09-2.56942e-09-3.94126e-09-5.25388e-09-6.47076e-09-7.55971e-09
-8.49361e-09-9.25075e-09-9.81457e-09-1.01732e-08-1.03187e-08-1.02471e-08
-9.95723e-09-9.45178e-09-8.73706e-09-7.82406e-09-6.72935e-09-5.47600e-09
-4.09400e-09-2.62015e-09-1.09719e-09 4.27706e-10 1.90500e-09 3.28534e-09
 4.52219e-09 5.57436e-09 6.40803e-09 6.99802e-09 7.32827e-09 7.39145e-09
 7.18780e-09 6.72344e-09 6.00852e-09 5.05556e-09 3.87811e-09 2.49010e-09
 9.05804e-10-8.59503e-10-2.78845e-09-4.86018e-09-7.04901e-09-9.32341e-09
-1.16456e-08-1.39715e-08-1.62518e-08-1.84327e-08-2.04578e-08-2.22690e-08
-2.38089e-08-2.50213e-08-2.58527e-08-2.62531e-08-2.61767e-08-2.55825e-08
-2.44356e-08-2.27084e-08-2.03820e-08-1.74486e-08-1.39126e-08-9.79343e-09
-5.12567e-09 3.95154e-11 5.63477e-09 1.15773e-08 1.77699e-08 2.41033e-08
 3.04568e-08 3.67005e-08 4.26954e-08 4.82946e-08 5.33431e-08 5.76791e-08
 6.11351e-08 6.35409e-08 6.47281e-08 6.45345e-08 6.27889e-08 5.93565e-08
 5.41593e-08 4.71770e-08 3.84767e-08 2.82049e-08 1.66336e-08 4.11704e-09
-8.84426e-09-2.16960e-08-3.37521e-08-4.43435e-08-5.27322e-08-5.83149e-08
-6.05361e-08-5.91207e-08-5.39915e-08-4.55170e-08-3.44773e-08-2.22551e-08
-1.08001e-08-2.68701e-09
     0.0000e+00     0.0000e+00      0  0  0.00
     512   0.50000  0.0000e+00
 9.82652e-09 1.37052e-08 1.05939e-08 1.01294e-08 7.47165e-09 6.23361e-09
 3.83525e-09 2.42096e-09 4.05874e-10-9.27137e-10-2.47167e-09-3.48498e-09
-4.30500e-09-4.51124e-09-4.02110e-09-2.58997e-09 1.28725e-10 4.25896e-09
 1.02037e-08 1.79200e-08 2.76246e-08 3.89912e-08 5.18262e-08 6.53412e-08
 7.88402e-08 9.11025e-08 1.00703e-07 1.06022e-07 1.05459e-07 9.77766e-08
 8.22254e-08 5.87322e-08 2.87438e-08-4.79726e-09-3.86290e-08-6.94431e-08
-9.40656e-08-1.10713e-07-1.19659e-07-1.23154e-07-1.24741e-07-1.28006e-07
-1.35319e-07-1.46916e-07-1.61107e-07-1.75048e-07-1.85651e-07-1.90118e-07
-1.86068e-07-1.71843e-07-1.47428e-07-1.15379e-07-7.90432e-08-4.08763e-08
-2.89658e-09 3.22597e-08 6.09312e-08 8.11321e-08 9.38866e-08 1.00938e-07
 1.05416e-07 1.11326e-07 1.21549e-07 1.37952e-07 1.58829e-07 1.79948e-07
 1.94619e-07 1.95067e-07 1.76307e-07 1.38075e-07 8.76121e-08 3.79980e-08
 4.31118e-09-3.54888e-09 1.17681e-08 3.44232e-08 4.50478e-08 3.49202e-08
 1.18840e-08-8.73118e-09-1.94473e-08-2.39070e-08-2.72452e-08-2.96513e-08
-3.05511e-08-3.17041e-08-3.37353e-08-3.51840e-08-3.57878e-08-3.61583e-08
-3.58527e-08-3.47472e-08-3.34107e-08-3.17764e-08-2.98555e-08-2.80664e-08
-2.63457e-08-2.46756e-08-2.31594e-08-2.15935e-08-1.99951e-08-1.84600e-08
-1.69812e-08-1.56739e-08-1.44948e-08-1.33979e-08-1.24039e-08-1.14559e-08
-1.05536e-08-9.65520e-09-8.73640e-09-7.77632e-09-6.72622e-09-5.57195e-09
-4.28689e-09-2.86876e-09-1.32523e-09 3.15004e-10 2.00637e-09 3.69339e-09
 5.32239e-09 6.85752e-09 8.27414e-09 9.56150e-09 1.07118e-08 1.17176e-08
 1.25718e-08 1.32706e-08 1.38120e-08 1.41967e-08 1.44270e-08 1.45075e-08
 1.44445e-08 1.42449e-08 1.39159e-08 1.34643e-08 1.28970e-08 1.22217e-08
 1.14489e-08 1.05922e-08 9.66796e-09 8.69395e-09 7.68811e-09 6.66756e-09
 5.64837e-09 4.64582e-09 3.67541e-09 2.75490e-09 1.90463e-09 1.14582e-09
 4.98694e-10-1.89461e-11-3.92770e-10-6.12593e-10-6.73299e-10-5.76474e-10
-3.31917e-10 4.19430e-11 5.18730e-10 1.06493e-09 1.64053e-09 2.19981e-09
 2.69210e-09 3.06271e-09 3.25470e-09 3.21138e-09 2.87997e-09 2.21591e-09
 1.18720e-09-2.21469e-10-2.00561e-09-4.13940e-09-6.57611e-09-9.25106e-09
-1.20862e-08-1.49950e-08-1.78871e-08-2.06726e-08-2.32646e-08-2.55819e-08
-2.75526e-08-2.91160e-08-3.02237e-08-3.08412e-08-3.09475e-08-3.05353e-08
-2.96089e-08-2.81844e-08-2.62886e-08-2.39583e-08-2.12391e-08-1.81846e-08
-1.48550e-08-1.13161e-08-7.63830e-09-3.89691e-09-1.70905e-10 3.45772e-09
 6.90562e-09 1.00913e-08 1.29393e-08 1.53838e-08 1.73729e-08 1.88710e-08
 1.98613e-08 2.03464e-08 2.03471e-08 1.99010e-08 1.90597e-08 1.78852e-08
 1.64464e-08 1.48168e-08 1.30729e-08 1.12924e-08 9.55185e-09 7.92206e-09
 6.46380e-09 5.22440e-09 4.23559e-09 3.51267e-09 3.05657e-09 2.85742e-09
 2.89719e-09 3.15200e-09 3.59466e-09 4.19640e-09 4.92735e-09 5.75695e-09
 6.65450e-09 7.58975e-09 8.53314e-09 9.45665e-09 1.03345e-08 1.11426e-08
 1.18580e-08 1.24587e-08 1.29255e-08 1.32443e-08 1.34068e-08 1.34109e-08
 1.32593e-08 1.29583e-08 1.25156e-08 1.19397e-08 1.12394e-08 1.04239e-08
 9.50258e-09 8.48507e-09 7.38109e-09 6.20064e-09 4.95374e-09 3.65051e-09
 2.30206e-09 9.21545e-10-4.75103e-10-1.86910e-09-3.23949e-09-4.56464e-09
-5.82347e-09-6.99625e-09-8.06570e-09-9.01828e-09-9.84438e-09-1.05376e-08
-1.10945e-08-1.15141e-08-1.17957e-08-1.19379e-08-1.19394e-08-1.18020e-08
-1.15309e-08-1.11359e-08-1.06314e-08-1.00372e-08-9.37786e-09-8.68174e-09
-7.98088e-09-7.31097e-09-6.71027e-09-6.21829e-09-5.87475e-09-5.71818e-09
-5.78498e-09-6.10904e-09-6.72058e-09-7.64345e-09-8.89184e-09-1.04673e-08
-1.23556e-08-1.45238e-08-1.69198e-08-1.94728e-08-2.20968e-08-2.46937e-08
-2.71564e-08-2.93734e-08-3.12337e-08-3.26322e-08-3.34740e-08-3.36791e-08
-3.31855e-08-3.19527e-08-2.99644e-08-2.72301e-08-2.37847e-08-1.96872e-08
-1.50165e-08-9.86866e-09-4.35324e-09 1.41108e-09 7.30016e-09 1.31879e-08
 1.89492e-08 2.44633e-08 2.96161e-08 3.43015e-08 3.84227e-08 4.18939e-08
 4.46422e-08 4.66082e-08 4.77470e-08 4.80308e-08 4.74512e-08 4.60226e-08
 4.37849e-08 4.08061e-08 3.71819e-08 3.30345e-08 2.85081e-08 2.37633e-08
 1.89691e-08 1.42951e-08 9.90231e-09 5.93400e-09 2.50725e-09-2.93063e-10
-2.41753e-09-3.85308e-09-4.62095e-09-4.77168e-09-4.37890e-09-3.53324e-09
-2.33673e-09-8.96741e-10 6.79398e-10 2.28860e-09 3.83556e-09 5.23573e-09
 6.41712e-09 7.32093e-09 7.90228e-09 8.13116e-09 7.99260e-09 7.48567e-09
 6.62267e-09 5.42817e-09 3.93722e-09 2.19281e-09 2.43539e-10-1.85830e-09
-4.05846e-09-6.30258e-09-8.53777e-09-1.07138e-08-1.27836e-08-1.47044e-08
-1.64381e-08-1.79520e-08-1.92192e-08-2.02186e-08-2.09345e-08-2.13570e-08
-2.14820e-08-2.13114e-08-2.08525e-08-2.01174e-08-1.91225e-08-1.78877e-08
-1.64362e-08-1.47943e-08-1.29910e-08-1.10583e-08-9.03166e-09-6.94864e-09
-4.84852e-09-2.77096e-09-7.54814e-10 1.16293e-09 2.94790e-09 4.56913e-09
 5.99999e-09 7.21917e-09 8.21114e-09 8.96630e-09 9.48072e-09 9.75564e-09
 9.79679e-09 9.61393e-09 9.22081e-09 8.63478e-09 7.87642e-09 6.96900e-09
 5.93796e-09 4.81022e-09 3.61347e-09 2.37592e-09 1.12632e-09-1.05916e-10
-1.29081e-09-2.39822e-09-3.39866e-09-4.26449e-09-4.97135e-09-5.49973e-09
-5.83625e-09-5.97442e-09-5.91473e-09-5.66420e-09-5.23569e-09-4.64689e-09
-3.91911e-09-3.07624e-09-2.14377e-09-1.14805e-09-1.15874e-10 9.25761e-10
 1.94988e-09 2.92986e-09 3.83983e-09 4.65503e-09 5.35237e-09 5.91108e-09
 6.31347e-09 6.54581e-09 6.59907e-09 6.46956e-09 6.15926e-09 5.67576e-09
 5.03190e-09 4.24501e-09 3.33578e-09 2.32705e-09 1.24256e-09 1.05814e-10
-1.06079e-09-2.23658e-09-3.40290e-09-4.54292e-09-5.64111e-09-6.68246e-09
-7.65178e-09-8.53312e-09-9.30951e-09-9.96318e-09-1.04761e-08-1.08312e-08
-1.10129e-08-1.10091e-08-1.08119e-08-1.04181e-08-9.83015e-09-9.05571e-09
-8.10764e-09-7.00344e-09-5.76425e-09-4.41387e-09-2.97743e-09-1.48030e-09
 5.26759e-11 1.59748e-09 3.13089e-09 4.63026e-09 6.07339e-09 7.43878e-09
 8.70632e-09 9.85835e-09 1.08810e-08 1.17655e-08 1.25087e-08 1.31139e-08
 1.35899e-08 1.39501e-08 1.42104e-08 1.43876e-08 1.44971e-08 1.45509e-08
 1.45550e-08 1.45064e-08 1.43910e-08 1.41810e-08 1.38287e-08 1.32798e-08
 1.24761e-08 1.13543e-08 9.85434e-09 7.91990e-09 5.51633e-09 2.62698e-09
-7.17029e-10-4.44821e-09-8.42162e-09-1.24387e-08-1.61999e-08-1.93459e-08
-2.14206e-08-2.19867e-08-2.07248e-08-1.76579e-08-1.32090e-08-8.21997e-09
-3.75340e-09-8.54815e-10
