       8
(6e12.5)
     0.0000e+00     0.0000e+00      0  0  0.00
     512   0.50000  0.0000e+00
-5.08607e-09-7.63972e-09-6.98591e-09-7.66665e-09-7.29673e-09-7.53432e-09
-7.09985e-09-6.97634e-09-6.39061e-09-5.92327e-09-5.12378e-09-4.28559e-09
-3.18279e-09-1.91680e-09-4.27796e-10 1.28896e-09 3.17863e-09 5.29128e-09
 7.50734e-09 9.87466e-09 1.22377e-08 1.46117e-08 1.68412e-08 1.89416e-08
 2.07559e-08 2.22445e-08 2.33455e-08 2.40107e-08 2.42160e-08 2.39633e-08
 2.32769e-08 2.21998e-08 2.07927e-08 1.91296e-08 1.72901e-08 1.53538e-08
 1.33949e-08 1.14783e-08 9.65451e-09 7.95869e-09 6.41377e-09 5.03577e-09
 3.83690e-09 2.82521e-09 2.00325e-09 1.36905e-09 9.18517e-10 6.47143e-10
 5.46641e-10 5.95697e-10 7.62583e-10 1.01142e-09 1.29057e-09 1.51739e-09
 1.58533e-09 1.39384e-09 8.80281e-10 3.88421e-11-1.10810e-09-2.55893e-09
-4.32679e-09-6.39262e-09-8.68261e-09-1.10918e-08-1.35219e-08-1.59048e-08
-1.82144e-08-2.04520e-08-2.26225e-08-2.47365e-08-2.68037e-08-2.88215e-08
-3.07887e-08-3.27061e-08-3.45743e-08-3.64116e-08-3.82730e-08-4.02593e-08
-4.25197e-08-4.52347e-08-4.85862e-08-5.27347e-08-5.77758e-08-6.36996e-08
-7.03529e-08-7.74023e-08-8.43277e-08-9.04186e-08-9.47836e-08-9.63885e-08
-9.41160e-08-8.68549e-08-7.35903e-08-5.35160e-08-2.61630e-08 8.46294e-09
 4.97144e-08 9.61488e-08 1.45482e-07 1.94745e-07 2.40527e-07 2.79073e-07
 3.06395e-07 3.18714e-07 3.13221e-07 2.88708e-07 2.45513e-07 1.85296e-07
 1.11526e-07 3.04891e-08-4.93372e-08-1.19623e-07-1.73847e-07-2.07138e-07
-2.15809e-07-1.98874e-07-1.60121e-07-1.07593e-07-5.11004e-08-4.05330e-11
 3.67910e-08 5.20854e-08 4.44283e-08 1.80400e-08-2.01298e-08-6.04405e-08
-9.25117e-08-1.08923e-07-1.07384e-07-9.08722e-08-6.66712e-08-4.38087e-08
-2.95959e-08-2.66412e-08-3.19227e-08-3.84250e-08-3.87014e-08-2.86952e-08
-9.70979e-09 1.25726e-08 3.16030e-08 4.37637e-08 4.99316e-08 5.37378e-08
 5.80352e-08 6.25606e-08 6.45013e-08 6.12267e-08 5.28179e-08 4.19244e-08
 3.13366e-08 2.19001e-08 1.26905e-08 3.17471e-09-5.38216e-09-1.11762e-08
-1.39555e-08-1.51321e-08-1.59566e-08-1.63064e-08-1.56100e-08-1.43017e-08
-1.34911e-08-1.35005e-08-1.37206e-08-1.38706e-08-1.44279e-08-1.56225e-08
-1.69274e-08-1.78994e-08-1.87016e-08-1.94264e-08-1.96974e-08-1.92933e-08
-1.84045e-08-1.70471e-08-1.49689e-08-1.21578e-08-8.77878e-09-4.81523e-09
-2.62602e-10 4.70415e-09 9.99057e-09 1.55476e-08 2.11336e-08 2.64154e-08
 3.10279e-08 3.45201e-08 3.64894e-08 3.66527e-08 3.49195e-08 3.14935e-08
 2.67209e-08 2.09331e-08 1.44641e-08 7.72487e-09 1.27805e-09-4.24006e-09
-8.39140e-09-1.10583e-08-1.23092e-08-1.22876e-08-1.11887e-08-9.25655e-09
-6.81787e-09-4.27109e-09-1.95768e-09-8.15048e-11 1.24675e-09 1.95936e-09
 2.01710e-09 1.41235e-09 1.87470e-10-1.56129e-09-3.70915e-09-6.12180e-09
-8.65192e-09-1.11477e-08-1.34652e-08-1.54731e-08-1.70738e-08-1.82121e-08
-1.88576e-08-1.89787e-08-1.85316e-08-1.74747e-08-1.57909e-08-1.34949e-08
-1.06328e-08-7.27513e-09-3.51137e-09 5.48550e-10 4.79248e-09 9.10157e-09
 1.33076e-08 1.71844e-08 2.04885e-08 2.29922e-08 2.45203e-08 2.49878e-08
 2.44131e-08 2.29172e-08 2.06619e-08 1.77849e-08 1.44226e-08 1.07640e-08
 7.07289e-09 3.65267e-09 7.31106e-10-1.62701e-09-3.47613e-09-4.90965e-09
-6.03290e-09-6.96531e-09-7.84835e-09-8.83581e-09-1.00354e-08-1.14488e-08
-1.29846e-08-1.45113e-08-1.58779e-08-1.69286e-08-1.75302e-08-1.75789e-08
-1.70150e-08-1.58476e-08-1.41481e-08-1.20141e-08-9.55324e-09-6.88200e-09
-4.11682e-09-1.36771e-09 1.26170e-09 3.68189e-09 5.82596e-09 7.65656e-09
 9.16750e-09 1.03732e-08 1.12972e-08 1.19668e-08 1.24124e-08 1.26668e-08
 1.27624e-08 1.27291e-08 1.25950e-08 1.23780e-08 1.20613e-08 1.15836e-08
 1.08630e-08 9.82797e-09 8.44342e-09 6.73324e-09 4.77669e-09 2.69308e-09
 6.17946e-10-1.33336e-09-3.07423e-09-4.52140e-09-5.58030e-09-6.16270e-09
-6.22965e-09-5.83166e-09-5.09772e-09-4.17697e-09-3.19890e-09-2.27161e-09
-1.49224e-09-9.59650e-10-7.64131e-10-9.42867e-10-1.45412e-09-2.20597e-09
-3.10148e-09-4.05765e-09-5.00567e-09-5.88583e-09-6.63621e-09-7.19537e-09
-7.52293e-09-7.60706e-09-7.45109e-09-7.06142e-09-6.44513e-09-5.61132e-09
-4.57801e-09-3.38154e-09-2.07248e-09-7.00131e-10 6.96918e-10 2.09324e-09
 3.46977e-09 4.79829e-09 6.03388e-09 7.12208e-09 8.00791e-09 8.63957e-09
 8.97439e-09 8.98590e-09 8.66685e-09 8.02221e-09 7.05971e-09 5.79570e-09
 4.27111e-09 2.55904e-09 7.61909e-10-9.99573e-10-2.60714e-09-3.96298e-09
-5.00057e-09-5.69246e-09-6.04193e-09-6.06122e-09-5.76061e-09-5.15604e-09
-4.28855e-09-3.23756e-09-2.10722e-09-9.97204e-10 1.14550e-11 8.49273e-10
 1.44661e-09 1.73500e-09 1.66760e-09 1.24725e-09 5.33705e-10-3.80602e-10
-1.40053e-09-2.44045e-09-3.42332e-09-4.27817e-09-4.94127e-09-5.36516e-09
-5.52930e-09-5.43630e-09-5.09908e-09-4.53754e-09-3.78177e-09-2.86983e-09
-1.84258e-09-7.40941e-10 3.96718e-10 1.53567e-09 2.64260e-09 3.68809e-09
 4.65155e-09 5.51838e-09 6.27253e-09 6.89285e-09 7.35539e-09 7.63656e-09
 7.71764e-09 7.59010e-09 7.25400e-09 6.70967e-09 5.95027e-09 4.96350e-09
 3.74671e-09 2.32402e-09 7.52074e-10-8.86336e-10-2.49628e-09-3.98335e-09
-5.25858e-09-6.24023e-09-6.85765e-09-7.05430e-09-6.79323e-09-6.06979e-09
-4.92478e-09-3.44983e-09-1.77900e-09-6.48064e-11 1.54919e-09 2.94281e-09
 4.02128e-09 4.71701e-09 4.99816e-09 4.88008e-09 4.42738e-09 3.73740e-09
 2.91254e-09 2.04071e-09 1.19004e-09 4.10826e-10-2.61479e-10-8.06559e-10
-1.22154e-09-1.51792e-09-1.71061e-09-1.80776e-09-1.81060e-09-1.71970e-09
-1.54085e-09-1.28994e-09-9.93404e-10-6.83408e-10-3.91912e-10-1.45994e-10
 3.63139e-11 1.47743e-10 1.88534e-10 1.63638e-10 8.34411e-11-3.88884e-11
-1.94499e-10-3.80826e-10-5.97555e-10-8.44910e-10-1.12612e-09-1.44994e-09
-1.82727e-09-2.25970e-09-2.72737e-09-3.18663e-09-3.58072e-09-3.85792e-09
-3.98451e-09-3.94599e-09-3.74213e-09-3.38318e-09-2.88816e-09-2.28391e-09
-1.60551e-09-8.95270e-10-1.99101e-10 4.39036e-10 9.84293e-10 1.41521e-09
 1.72008e-09 1.88940e-09 1.91310e-09 1.78695e-09 1.52456e-09 1.16593e-09
 7.75356e-10 4.27993e-10 1.94281e-10 1.31956e-10 2.84719e-10 6.80616e-10
 1.32535e-09 2.19450e-09 3.23345e-09 4.36751e-09 5.51551e-09 6.59879e-09
 7.54481e-09 8.28938e-09 8.77989e-09 8.97952e-09 8.86642e-09 8.43755e-09
 7.70497e-09 6.68903e-09 5.41910e-09 3.92820e-09 2.25805e-09 4.56051e-10
-1.40767e-09-3.25334e-09-4.98092e-09-6.49505e-09-7.69124e-09-8.48693e-09
-8.80520e-09-8.60983e-09-7.89077e-09-6.69720e-09-5.12659e-09-3.35641e-09
-1.65532e-09-4.14835e-10
     0.0000e+00     0.0000e+00      0  0  0.00
     512   0.50000  0.0000e+00
-1.85548e-09-2.61652e-09-2.06465e-09-1.93026e-09-1.30602e-09-8.32990e-10
-3.59793e-11 6.88233e-10 1.60946e-09 2.46480e-09 3.37589e-09 4.16489e-09
 4.85237e-09 5.33421e-09 5.58554e-09 5.57844e-09 5.29120e-09 4.76755e-09
 4.01476e-09 3.12383e-09 2.12020e-09 1.09320e-09 5.82833e-11-9.16349e-10
-1.83913e-09-2.68305e-09-3.44114e-09-4.11446e-09-4.70553e-09-5.21119e-09
-5.61915e-09-5.91034e-09-6.06387e-09-6.06167e-09-5.89181e-09-5.55080e-09
-5.04432e-09-4.38502e-09-3.58929e-09-2.67558e-09-1.66435e-09-5.76880e-10
 5.65887e-10 1.74399e-09 2.93507e-09 4.11124e-09 5.23924e-09 6.28780e-09
 7.22678e-09 8.03295e-09 8.69461e-09 9.19377e-09 9.48357e-09 9.49175e-09
 9.17113e-09 8.49939e-09 7.46861e-09 6.11984e-09 4.54088e-09 2.82930e-09
 1.08820e-09-5.55159e-10-1.98362e-09-3.12281e-09-3.91405e-09-4.30722e-09
-4.32714e-09-4.07736e-09-3.66380e-09-3.16797e-09-2.65718e-09-2.17561e-09
-1.72363e-09-1.27279e-09-7.86390e-10-2.25810e-10 4.27877e-10 1.17151e-09
 1.99446e-09 2.86226e-09 3.70975e-09 4.47475e-09 5.10746e-09 5.54875e-09
 5.73012e-09 5.57064e-09 4.95722e-09 3.74746e-09 1.79376e-09-1.03052e-09
-4.80400e-09-9.53079e-09-1.51254e-08-2.14020e-08-2.80513e-08-3.46079e-08
-4.04495e-08-4.48224e-08-4.69107e-08-4.60035e-08-4.16785e-08-3.38597e-08
-2.27649e-08-8.77751e-09 7.50300e-09 2.50909e-08 4.27137e-08 5.89783e-08
 7.23167e-08 8.06744e-08 8.17459e-08 7.39808e-08 5.73179e-08 3.37499e-08
 7.27831e-09-1.75684e-08-3.68047e-08-4.73825e-08-4.77854e-08-3.84211e-08
-2.17088e-08-1.43532e-09 1.79646e-08 3.23216e-08 3.86464e-08 3.58930e-08
 2.54467e-08 1.05766e-08-4.44773e-09-1.56162e-08-2.05203e-08-1.92389e-08
-1.43129e-08-9.63739e-09-8.77221e-09-1.33000e-08-2.20675e-08-3.17862e-08
-3.87858e-08-4.08683e-08-3.82216e-08-3.28239e-08-2.66549e-08-2.00617e-08
-1.17540e-08-6.08005e-10 1.27136e-08 2.57140e-08 3.53208e-08 3.97229e-08
 3.93576e-08 3.60460e-08 3.11483e-08 2.50080e-08 1.78936e-08 1.08063e-08
 5.14218e-09 1.55888e-09-4.39578e-10-1.59214e-09-1.97473e-09-1.37802e-09
-1.08905e-10 1.12779e-09 1.99521e-09 2.69680e-09 3.34695e-09 3.66072e-09
 3.43711e-09 2.86788e-09 2.10237e-09 9.60549e-10-6.82690e-10-2.68556e-09
-4.98769e-09-7.70626e-09-1.07965e-08-1.40535e-08-1.73834e-08-2.06850e-08
-2.36598e-08-2.59895e-08-2.74799e-08-2.79502e-08-2.72072e-08-2.50798e-08
-2.13699e-08-1.58571e-08-8.36503e-09 1.03040e-09 1.16319e-08 2.20871e-08
 3.08932e-08 3.67813e-08 3.88899e-08 3.69898e-08 3.15858e-08 2.37595e-08
 1.48061e-08 6.00520e-09-1.54460e-09-7.10275e-09-1.02731e-08-1.10154e-08
-9.68739e-09-6.90027e-09-3.28703e-09 6.07758e-10 4.33076e-09 7.54272e-09
 1.00077e-08 1.15740e-08 1.22092e-08 1.19935e-08 1.10462e-08 9.47790e-09
 7.39247e-09 4.89661e-09 2.10741e-09-8.57631e-10-3.90365e-09-6.95107e-09
-9.90897e-09-1.26913e-08-1.52402e-08-1.75070e-08-1.94402e-08-2.09893e-08
-2.20881e-08-2.26197e-08-2.24321e-08-2.14186e-08-1.95915e-08-1.70330e-08
-1.37846e-08-9.83275e-09-5.14119e-09 3.49970e-10 6.67113e-09 1.36245e-08
 2.05958e-08 2.66228e-08 3.07362e-08 3.22306e-08 3.07582e-08 2.64424e-08
 1.98954e-08 1.20688e-08 4.03815e-09-3.17810e-09-8.75424e-09-1.22095e-08
-1.34145e-08-1.25059e-08-9.88971e-09-6.17650e-09-2.00517e-09 2.08144e-09
 5.65839e-09 8.42458e-09 1.02184e-08 1.09848e-08 1.07661e-08 9.72431e-09
 8.08699e-09 6.06715e-09 3.84007e-09 1.54542e-09-7.24513e-10-2.92033e-09
-5.01824e-09-7.01889e-09-8.92466e-09-1.06986e-08-1.22718e-08-1.35926e-08
-1.46394e-08-1.53927e-08-1.58209e-08-1.58796e-08-1.54999e-08-1.45767e-08
-1.30014e-08-1.07388e-08-7.87682e-09-4.58085e-09-9.89048e-10 2.80618e-09
 6.71556e-09 1.06623e-08 1.45852e-08 1.83355e-08 2.15527e-08 2.36887e-08
 2.41911e-08 2.26982e-08 1.91245e-08 1.37053e-08 7.00699e-09-1.77855e-10
-6.97412e-09-1.25566e-08-1.62750e-08-1.77619e-08-1.69944e-08-1.42487e-08
-1.00295e-08-5.01668e-09 7.07505e-11 4.63480e-09 8.26872e-09 1.07568e-08
 1.20569e-08 1.22633e-08 1.15444e-08 1.01184e-08 8.25272e-09 6.20988e-09
 4.18528e-09 2.29408e-09 5.77828e-10-9.82419e-10-2.43674e-09-3.83999e-09
-5.24470e-09-6.68283e-09-8.13456e-09-9.53461e-09-1.08082e-08-1.18906e-08
-1.27183e-08-1.32173e-08-1.33120e-08-1.29310e-08-1.19971e-08-1.04328e-08
-8.21347e-09-5.42349e-09-2.24522e-09 1.11590e-09 4.49711e-09 7.77577e-09
 1.08550e-08 1.36650e-08 1.61190e-08 1.80279e-08 1.90726e-08 1.88893e-08
 1.72067e-08 1.39481e-08 9.27619e-09 3.59748e-09-2.48686e-09-8.28223e-09
-1.30923e-08-1.63159e-08-1.75643e-08-1.67392e-08-1.40358e-08-9.87808e-09
-4.84349e-09 4.13527e-10 5.27869e-09 9.27683e-09 1.21024e-08 1.36188e-08
 1.38469e-08 1.29317e-08 1.10967e-08 8.61894e-09 5.81188e-09 2.97283e-09
 3.31162e-10-1.96969e-09-3.87568e-09-5.40904e-09-6.63260e-09-7.61859e-09
-8.43646e-09-9.13408e-09-9.70981e-09-1.01217e-08-1.03306e-08-1.03217e-08
-1.00912e-08-9.62424e-09-8.88693e-09-7.82947e-09-6.39423e-09-4.53344e-09
-2.24404e-09 3.89325e-10 3.18945e-09 5.93910e-09 8.44866e-09 1.05830e-08
 1.22555e-08 1.34290e-08 1.40957e-08 1.42174e-08 1.36828e-08 1.23356e-08
 1.00521e-08 6.82076e-09 2.78785e-09-1.73789e-09-6.31930e-09-1.04562e-08
-1.36556e-08-1.54941e-08-1.56948e-08-1.42001e-08-1.11966e-08-7.07898e-09
-2.37358e-09 2.34308e-09 6.53183e-09 9.77770e-09 1.18331e-08 1.26197e-08
 1.22151e-08 1.08187e-08 8.70477e-09 6.18060e-09 3.55466e-09 1.10008e-09
-9.87096e-10-2.60562e-09-3.74439e-09-4.47174e-09-4.90802e-09-5.18738e-09
-5.43403e-09-5.74828e-09-6.18267e-09-6.72372e-09-7.31223e-09-7.88226e-09
-8.37406e-09-8.72380e-09-8.85543e-09-8.68592e-09-8.14059e-09-7.16804e-09
-5.75230e-09-3.92856e-09-1.79940e-09 4.77482e-10 2.73668e-09 4.84978e-09
 6.73343e-09 8.33538e-09 9.62647e-09 1.05819e-08 1.11445e-08 1.12133e-08
 1.06790e-08 9.47959e-09 7.64608e-09 5.32762e-09 2.78542e-09 3.54429e-10
-1.61103e-09-2.78650e-09-2.92278e-09-1.90410e-09 2.01140e-10 3.13605e-09
 6.49746e-09 9.80479e-09 1.25784e-08 1.44162e-08 1.50576e-08 1.44130e-08
 1.25599e-08 9.71666e-09 6.19180e-09 2.32115e-09-1.58098e-09-5.25082e-09
-8.49376e-09-1.11966e-08-1.33230e-08-1.48963e-08-1.59810e-08-1.66567e-08
-1.69886e-08-1.70125e-08-1.67350e-08-1.61300e-08-1.51379e-08-1.36827e-08
-1.17088e-08-9.21247e-09-6.25025e-09-2.94276e-09 5.37372e-10 3.97360e-09
 7.13011e-09 9.76510e-09 1.16608e-08 1.26307e-08 1.25666e-08 1.14768e-08
 9.53510e-09 7.05527e-09 4.44815e-09 2.13581e-09 4.70793e-10-3.63485e-10
-4.35183e-10-9.80269e-11
     0.0000e+00     0.0000e+00      0  0  0.00
     512   0.50000  0.0000e+00
 2.40662e-09 3.22595e-09 2.39281e-09 2.21331e-09 1.51381e-09 1.14718e-09
 4.82946e-10 3.27880e-11-5.86919e-10-1.06617e-09-1.62498e-09-2.09288e-09
-2.57266e-09-2.99097e-09-3.37049e-09-3.70139e-09-3.95879e-09-4.16987e-09
-4.28965e-09-4.36239e-09-4.34355e-09-4.28135e-09-4.14499e-09-3.99144e-09
-3.79409e-09-3.59085e-09-3.40930e-09-3.28042e-09-3.23920e-09-3.32357e-09
-3.57300e-09-4.02660e-09-4.72008e-09-5.68221e-09-6.93127e-09-8.47141e-09
-1.02872e-08-1.23373e-08-1.45511e-08-1.68254e-08-1.90229e-08-2.09701e-08
-2.24621e-08-2.32690e-08-2.31483e-08-2.18610e-08-1.91935e-08-1.49845e-08
-9.15460e-09-1.74106e-09 7.06997e-09 1.69107e-08 2.72211e-08 3.72960e-08
 4.63624e-08 5.35832e-08 5.80879e-08 5.91642e-08 5.65328e-08 5.03037e-08
 4.07379e-08 2.83566e-08 1.41815e-08-4.22003e-10-1.41199e-08-2.56802e-08
-3.40928e-08-3.87150e-08-3.93549e-08-3.63117e-08-3.03501e-08-2.26367e-08
-1.45048e-08-7.24376e-09-1.83317e-09 1.21118e-09 1.84721e-09 3.89487e-10
-2.60541e-09-6.37747e-09-1.01655e-08-1.34348e-08-1.59188e-08-1.74866e-08
-1.80772e-08-1.77141e-08-1.65173e-08-1.46948e-08-1.25030e-08-1.01881e-08
-7.92727e-09-5.80372e-09-3.82985e-09-1.99261e-09-2.77899e-10 1.33965e-09
 2.90688e-09 4.48442e-09 6.16331e-09 8.08471e-09 1.04528e-08 1.34823e-08
 1.72692e-08 2.18268e-08 2.72074e-08 3.35606e-08 4.11027e-08 5.00953e-08
 6.02565e-08 7.02288e-08 7.83640e-08 8.28394e-08 8.19705e-08 7.51088e-08
 6.25950e-08 4.55048e-08 2.53577e-08 3.93150e-09-1.72117e-08-3.67714e-08
-5.36133e-08-6.68547e-08-7.58983e-08-8.05857e-08-8.10808e-08-7.78858e-08
-7.17577e-08-6.35557e-08-5.41629e-08-4.43461e-08-3.47528e-08-2.58580e-08
-1.79773e-08-1.13238e-08-5.99948e-09-2.02414e-09 7.30194e-10 2.54166e-09
 3.86591e-09 5.25742e-09 7.16933e-09 9.72144e-09 1.25181e-08 1.46986e-08
 1.52442e-08 1.35661e-08 9.99769e-09 5.82508e-09 2.75231e-09 1.95494e-09
 3.23388e-09 5.04490e-09 5.60871e-09 4.32745e-09 2.25891e-09 1.07887e-09
 1.49055e-09 2.71941e-09 3.58439e-09 3.77665e-09 3.81380e-09 4.02468e-09
 4.17602e-09 4.09427e-09 4.02170e-09 4.14329e-09 4.28667e-09 4.32604e-09
 4.41188e-09 4.62161e-09 4.83336e-09 5.03050e-09 5.31241e-09 5.64558e-09
 5.95343e-09 6.27885e-09 6.62769e-09 6.91058e-09 7.10365e-09 7.21126e-09
 7.17337e-09 6.96665e-09 6.60560e-09 6.05232e-09 5.28790e-09 4.34014e-09
 3.21293e-09 1.93073e-09 5.58069e-10-8.56897e-10-2.25188e-09-3.55185e-09
-4.71494e-09-5.69854e-09-6.46309e-09-6.99862e-09-7.29808e-09-7.37744e-09
-7.28359e-09-7.06058e-09-6.75876e-09-6.42485e-09-6.08980e-09-5.78385e-09
-5.52168e-09-5.30325e-09-5.11973e-09-4.94743e-09-4.76454e-09-4.54952e-09
-4.28118e-09-3.94584e-09-3.52966e-09-3.02581e-09-2.43312e-09-1.75435e-09
-9.99447e-10-1.79684e-10 6.89000e-10 1.58820e-09 2.49664e-09 3.39002e-09
 4.24466e-09 5.03626e-09 5.74229e-09 6.34038e-09 6.80973e-09 7.13221e-09
 7.29338e-09 7.28414e-09 7.10003e-09 6.74163e-09 6.21324e-09 5.52302e-09
 4.68370e-09 3.71486e-09 2.64431e-09 1.50829e-09 3.50111e-10-7.83459e-10
-1.84677e-09-2.80033e-09-3.61393e-09-4.26675e-09-4.74630e-09-5.04935e-09
-5.18412e-09-5.17249e-09-5.04813e-09-4.84924e-09-4.61093e-09-4.36178e-09
-4.12318e-09-3.90891e-09-3.72421e-09-3.56413e-09-3.41337e-09-3.25017e-09
-3.05254e-09-2.80200e-09-2.48457e-09-2.09143e-09-1.61992e-09-1.07404e-09
-4.64275e-10 1.93663e-10 8.80927e-10 1.57729e-09 2.26252e-09 2.91757e-09
 3.52532e-09 4.07092e-09 4.54233e-09 4.93067e-09 5.22980e-09 5.43554e-09
 5.54475e-09 5.55485e-09 5.46421e-09 5.27326e-09 4.98503e-09 4.60500e-09
 4.14077e-09 3.60209e-09 3.00084e-09 2.35064e-09 1.66696e-09 9.68176e-10
 2.76388e-10-3.83357e-10-9.85029e-10-1.50443e-09-1.92221e-09-2.22633e-09
-2.41361e-09-2.48956e-09-2.46629e-09-2.36090e-09-2.19528e-09-1.99618e-09
-1.79376e-09-1.61736e-09-1.48983e-09-1.42430e-09-1.42424e-09-1.48510e-09
-1.59548e-09-1.73756e-09-1.88759e-09-2.01836e-09-2.10372e-09-2.12286e-09
-2.06223e-09-1.91559e-09-1.68359e-09-1.37294e-09-9.95396e-10-5.66678e-10
-1.04950e-10 3.71134e-10 8.43646e-10 1.29589e-09 1.71307e-09 2.08294e-09
 2.39588e-09 2.64468e-09 2.82435e-09 2.93179e-09 2.96535e-09 2.92420e-09
 2.80788e-09 2.61654e-09 2.35184e-09 2.01772e-09 1.62040e-09 1.16821e-09
 6.71246e-10 1.40940e-10-4.10403e-10-9.69704e-10-1.52242e-09-2.05159e-09
-2.53792e-09-2.96121e-09-3.30253e-09-3.54665e-09-3.68391e-09-3.71141e-09
-3.63363e-09-3.46203e-09-3.21392e-09-2.91159e-09-2.58182e-09-2.25486e-09
-1.96179e-09-1.73031e-09-1.58062e-09-1.52341e-09-1.56009e-09-1.68353e-09
-1.87863e-09-2.12266e-09-2.38640e-09-2.63722e-09-2.84373e-09-2.97966e-09
-3.02556e-09-2.96895e-09-2.80434e-09-2.53323e-09-2.16374e-09-1.70956e-09
-1.18802e-09-6.17910e-10-1.81198e-11 5.93015e-10 1.19823e-09 1.78190e-09
 2.33054e-09 2.83315e-09 3.28117e-09 3.66772e-09 3.98701e-09 4.23397e-09
 4.40431e-09 4.49499e-09 4.50510e-09 4.43668e-09 4.29481e-09 4.08746e-09
 3.82523e-09 3.52081e-09 3.18820e-09 2.84202e-09 2.49725e-09 2.16911e-09
 1.87270e-09 1.62195e-09 1.42801e-09 1.29741e-09 1.23092e-09 1.22328e-09
 1.26390e-09 1.33776e-09 1.42656e-09 1.50988e-09 1.56604e-09 1.57338e-09
 1.51240e-09 1.36847e-09 1.13423e-09 8.10707e-10 4.07060e-10-6.05355e-11
-5.70257e-10-1.09607e-09-1.60926e-09-2.08055e-09-2.48325e-09-2.79661e-09
-3.00773e-09-3.11143e-09-3.10909e-09-3.00737e-09-2.81738e-09-2.55362e-09
-2.23245e-09-1.86998e-09-1.48058e-09-1.07664e-09-6.69134e-10-2.68042e-10
 1.17476e-10 4.78946e-10 8.08184e-10 1.09671e-09 1.33530e-09 1.51410e-09
 1.62310e-09 1.65283e-09 1.59527e-09 1.44524e-09 1.20143e-09 8.66634e-10
 4.47417e-10-4.63201e-11-6.01788e-10-1.20378e-09-1.83521e-09-2.47754e-09
-3.11128e-09-3.71642e-09-4.27349e-09-4.76491e-09-5.17644e-09-5.49815e-09
-5.72462e-09-5.85459e-09-5.89042e-09-5.83749e-09-5.70353e-09-5.49773e-09
-5.22952e-09-4.90698e-09-4.53513e-09-4.11482e-09-3.64259e-09-3.11173e-09
-2.51376e-09-1.83976e-09-1.08146e-09-2.32448e-10 7.10343e-10 1.74489e-09
 2.86274e-09 4.04877e-09 5.28218e-09 6.53793e-09 7.78788e-09 9.00173e-09
 1.01478e-08 1.11941e-08 1.21092e-08 1.28629e-08 1.34266e-08 1.37729e-08
 1.38759e-08 1.37122e-08 1.32619e-08 1.25104e-08 1.14455e-08 1.00653e-08
 8.38065e-09 6.41535e-09 4.21037e-09 1.82175e-09-6.73581e-10-3.18835e-09
-5.61787e-09-7.85861e-09-9.79645e-09-1.13324e-08-1.23665e-08-1.28300e-08
-1.26674e-08-1.18738e-08-1.04781e-08-8.58137e-09-6.34389e-09-4.01409e-09
-1.91897e-09-4.76981e-10
     0.0000e+00     0.0000e+00      0  0  0.00
     512   0.50000  0.0000e+00
-2.09135e-09-2.48607e-09-1.25795e-09-5.15315e-10 7.83112e-10 1.82176e-09
 3.12510e-09 4.16669e-09 5.24178e-09 6.01440e-09 6.65431e-09 6.98695e-09
 7.11489e-09 6.99022e-09 6.67308e-09 6.19674e-09 5.58979e-09 4.92313e-09
 4.20097e-09 3.49919e-09 2.80639e-09 2.18561e-09 1.62009e-09 1.16398e-09
 7.87272e-10 5.12697e-10 3.45715e-10 2.87685e-10 3.36286e-10 4.84538e-10
 7.19819e-10 1.02291e-09 1.36689e-09 1.71615e-09 2.02628e-09 2.24599e-09
 2.31891e-09 2.18479e-09 1.78263e-09 1.05295e-09-5.65432e-11-1.58392e-09
-3.54633e-09-5.93270e-09-8.69591e-09-1.17449e-08-1.49383e-08-1.80784e-08
-2.09106e-08-2.31238e-08-2.43607e-08-2.42292e-08-2.23410e-08-1.84154e-08
-1.24101e-08-4.56073e-09 4.66113e-09 1.45954e-08 2.42455e-08 3.23553e-08
 3.78009e-08 3.97637e-08 3.80625e-08 3.31119e-08 2.55171e-08 1.60822e-08
 5.79299e-09-4.28982e-09-1.30910e-08-1.96788e-08-2.33882e-08-2.39133e-08
-2.13804e-08-1.63341e-08-9.73234e-09-2.76229e-09 3.43108e-09 7.98945e-09
 1.05281e-08 1.11310e-08 1.01742e-08 8.03831e-09 4.97553e-09 1.18011e-09
-3.14682e-09-7.78413e-09-1.24971e-08-1.70659e-08-2.13142e-08-2.50998e-08
-2.82448e-08-3.04704e-08-3.14033e-08-3.06455e-08-2.78378e-08-2.26861e-08
-1.49748e-08-4.61774e-09 8.28589e-09 2.33662e-08 3.98967e-08 5.67712e-08
 7.25636e-08 8.57069e-08 9.46131e-08 9.77631e-08 9.38442e-08 8.21012e-08
 6.26864e-08 3.68700e-08 6.82937e-09-2.51598e-08-5.71207e-08-8.69670e-08
-1.12264e-07-1.30452e-07-1.38996e-07-1.36006e-07-1.21042e-07-9.52967e-08
-6.14588e-08-2.35242e-08 1.37497e-08 4.56989e-08 6.83738e-08 7.92281e-08
 7.78490e-08 6.59429e-08 4.70568e-08 2.59711e-08 7.57927e-09-4.19842e-09
-7.38536e-09-2.37202e-09 8.17037e-09 2.01149e-08 2.90472e-08 3.16390e-08
 2.67679e-08 1.59277e-08 2.84841e-09-7.82590e-09-1.22307e-08-8.94512e-09
 2.30915e-10 1.07560e-08 1.72479e-08 1.61678e-08 7.92668e-09-3.02769e-09
-1.07426e-08-1.16273e-08-6.95971e-09-1.74276e-09-4.87937e-10-3.55094e-09
-7.56232e-09-9.33429e-09-8.80563e-09-7.93385e-09-7.68474e-09-7.34449e-09
-6.40453e-09-5.49498e-09-5.09613e-09-4.72580e-09-3.99088e-09-3.26429e-09
-2.80308e-09-2.30213e-09-1.66413e-09-1.17413e-09-8.40090e-10-4.75584e-10
-1.82994e-10-5.51643e-11 8.39010e-11 2.88799e-10 4.66962e-10 6.82763e-10
 9.82167e-10 1.28293e-09 1.61294e-09 2.01696e-09 2.41668e-09 2.79538e-09
 3.16541e-09 3.45043e-09 3.61659e-09 3.64916e-09 3.48228e-09 3.11340e-09
 2.56920e-09 1.86184e-09 1.06762e-09 2.63192e-10-4.98689e-10-1.14385e-09
-1.64123e-09-1.98714e-09-2.17878e-09-2.25238e-09-2.24107e-09-2.17647e-09
-2.10055e-09-2.03043e-09-1.98308e-09-1.96751e-09-1.97813e-09-2.01579e-09
-2.06734e-09-2.11864e-09-2.15484e-09-2.15415e-09-2.10519e-09-1.99619e-09
-1.82376e-09-1.59150e-09-1.30462e-09-9.75055e-10-6.11977e-10-2.27320e-10
 1.68102e-10 5.62845e-10 9.44818e-10 1.30503e-09 1.63528e-09 1.93201e-09
 2.19316e-09 2.41881e-09 2.60769e-09 2.75626e-09 2.86036e-09 2.91675e-09
 2.92378e-09 2.87902e-09 2.77877e-09 2.61700e-09 2.38496e-09 2.07259e-09
 1.67535e-09 1.20230e-09 6.79946e-10 1.49319e-10-3.40070e-10-7.38530e-10
-1.00656e-09-1.12302e-09-1.08871e-09-9.25131e-10-6.70692e-10-3.74206e-10
-8.73028e-11 1.41425e-10 2.71664e-10 2.77339e-10 1.50048e-10-1.01795e-10
-4.56510e-10-8.83847e-10-1.35038e-09-1.82405e-09-2.27661e-09-2.68507e-09
-3.03217e-09-3.30529e-09-3.49507e-09-3.59504e-09-3.60176e-09-3.51474e-09
-3.33592e-09-3.06903e-09-2.71933e-09-2.29434e-09-1.80481e-09-1.26477e-09
-6.90733e-10-1.00923e-10 4.85440e-10 1.04916e-09 1.57199e-09 2.03683e-09
 2.42778e-09 2.73096e-09 2.93651e-09 3.04048e-09 3.04469e-09 2.95478e-09
 2.77888e-09 2.52688e-09 2.20924e-09 1.83669e-09 1.42300e-09 9.89588e-10
 5.68029e-10 1.97828e-10-7.91602e-11-2.25929e-10-2.18332e-10-5.16698e-11
 2.56453e-10 6.66999e-10 1.12394e-09 1.56180e-09 1.91514e-09 2.12757e-09
 2.15863e-09 1.98894e-09 1.62304e-09 1.08758e-09 4.25890e-10-3.08720e-10
-1.05965e-09-1.77286e-09-2.40089e-09-2.90511e-09-3.25725e-09-3.44040e-09
-3.44839e-09-3.28448e-09-2.95989e-09-2.49177e-09-1.90117e-09-1.21115e-09
-4.45030e-10 3.74931e-10 1.22787e-09 2.09362e-09 2.95237e-09 3.78464e-09
 4.57142e-09 5.29403e-09 5.93423e-09 6.47476e-09 6.89960e-09 7.19389e-09
 7.34443e-09 7.34141e-09 7.18067e-09 6.86468e-09 6.40129e-09 5.80207e-09
 5.08140e-09 4.25575e-09 3.34299e-09 2.36367e-09 1.34418e-09 3.19475e-10
-6.67504e-10-1.56994e-09-2.34359e-09-2.95392e-09-3.38255e-09-3.63097e-09
-3.72109e-09-3.69323e-09-3.60102e-09-3.50362e-09-3.45704e-09-3.50649e-09
-3.68091e-09-3.98947e-09-4.42085e-09-4.94630e-09-5.52496e-09-6.10985e-09
-6.65390e-09-7.11489e-09-7.45881e-09-7.66165e-09-7.71028e-09-7.60211e-09
-7.34327e-09-6.94635e-09-6.42829e-09-5.80869e-09-5.10857e-09-4.34963e-09
-3.55340e-09-2.74031e-09-1.92969e-09-1.14048e-09-3.91198e-10 3.01038e-10
 9.21377e-10 1.45723e-09 1.89766e-09 2.23287e-09 2.45399e-09 2.55303e-09
 2.52351e-09 2.36216e-09 2.07184e-09 1.66369e-09 1.15687e-09 5.76270e-10
-5.00703e-11-6.93083e-10-1.32399e-09-1.91377e-09-2.43063e-09-2.83779e-09
-3.09414e-09-3.15867e-09-2.99749e-09-2.59130e-09-1.94136e-09-1.07264e-09
-3.35060e-11 1.10764e-09 2.26871e-09 3.36334e-09 4.31172e-09 5.05021e-09
 5.53840e-09 5.76284e-09 5.73734e-09 5.49930e-09 5.10237e-09 4.60748e-09
 4.07426e-09 3.55389e-09 3.08455e-09 2.68933e-09 2.37629e-09 2.14024e-09
 1.96612e-09 1.83352e-09 1.72114e-09 1.61060e-09 1.48939e-09 1.35213e-09
 1.20023e-09 1.04052e-09 8.83123e-10 7.38683e-10 6.15738e-10 5.19553e-10
 4.52277e-10 4.13558e-10 4.01085e-10 4.10915e-10 4.37862e-10 4.76081e-10
 5.19945e-10 5.65612e-10 6.13499e-10 6.70718e-10 7.51482e-10 8.74742e-10
 1.06033e-09 1.32540e-09 1.68183e-09 2.13504e-09 2.68472e-09 3.32748e-09
 4.05905e-09 4.87479e-09 5.76792e-09 6.72617e-09 7.72790e-09 8.73885e-09
 9.71095e-09 1.05833e-08 1.12853e-08 1.17418e-08 1.18808e-08 1.16424e-08
 1.09867e-08 9.89865e-09 8.39002e-09 6.49692e-09 4.27474e-09 1.79071e-09
-8.83608e-10-3.67909e-09-6.53391e-09-9.39592e-09-1.22226e-08-1.49792e-08
-1.76349e-08-2.01582e-08-2.25111e-08-2.46433e-08-2.64883e-08-2.79620e-08
-2.89640e-08-2.93838e-08-2.91079e-08-2.80313e-08-2.60685e-08-2.31722e-08
-1.93469e-08-1.46593e-08-9.25031e-09-3.34046e-09 2.77194e-09 8.73771e-09
 1.41840e-08 1.87607e-08 2.21684e-08 2.42047e-08 2.47745e-08 2.39203e-08
 2.18022e-08 1.87022e-08 1.49752e-08 1.10330e-08 7.28127e-09 4.09519e-09
 1.75967e-09 4.51572e-10
     0.0000e+00     0.0000e+00      0  0  0.00
     512   0.50000  0.0000e+00
-2.26361e-09-2.80845e-09-1.73638e-09-1.27698e-09-3.16101e-10 3.14227e-10
 1.21201e-09 1.87616e-09 2.67585e-09 3.31026e-09 3.99819e-09 4.57728e-09
 5.15538e-09 5.66406e-09 6.13234e-09 6.55134e-09 6.90018e-09 7.20224e-09
 7.41227e-09 7.56694e-09 7.61822e-09 7.60587e-09 7.49461e-09 7.33382e-09
 7.09399e-09 6.81105e-09 6.51302e-09 6.23408e-09 6.01517e-09 5.90294e-09
 5.94810e-09 6.20310e-09 6.71876e-09 7.53977e-09 8.69979e-09 1.02153e-08
 1.20779e-08 1.42470e-08 1.66418e-08 1.91359e-08 2.15507e-08 2.36509e-08
 2.51466e-08 2.57024e-08 2.49503e-08 2.25131e-08 1.80335e-08 1.12139e-08
 1.86168e-09-1.00566e-08-2.43602e-08-4.05977e-08-5.80054e-08-7.55026e-08
-9.17538e-08-1.05233e-07-1.14328e-07-1.17592e-07-1.13979e-07-1.02982e-07
-8.47246e-08-6.01485e-08-3.12988e-08-9.82661e-10 2.80669e-08 5.33410e-08
 7.26644e-08 8.45775e-08 8.84601e-08 8.46539e-08 7.44685e-08 6.00273e-08
 4.39369e-08 2.87425e-08 1.65186e-08 8.63603e-09 5.63260e-09 7.24925e-09
 1.25340e-08 2.00247e-08 2.80938e-08 3.54975e-08 4.15646e-08 4.59737e-08
 4.86055e-08 4.94570e-08 4.86372e-08 4.63748e-08 4.29789e-08 3.87616e-08
 3.39283e-08 2.85063e-08 2.23862e-08 1.54601e-08 7.74441e-09-5.93109e-10
-9.26630e-09-1.79125e-08-2.62158e-08-3.40159e-08-4.13183e-08-4.81129e-08
-5.41257e-08-5.90229e-08-6.27653e-08-6.58771e-08-6.93516e-08-7.44706e-08
-8.13260e-08-8.77515e-08-9.18953e-08-9.22140e-08-8.72356e-08-7.71593e-08
-6.33733e-08-4.78117e-08-3.23270e-08-1.84216e-08-6.25920e-09 5.09755e-09
 1.69230e-08 3.04087e-08 4.60352e-08 6.35123e-08 8.14388e-08 9.76739e-08
 1.09676e-07 1.14959e-07 1.11877e-07 1.00062e-07 8.09170e-08 5.74410e-08
 3.36986e-08 1.39800e-08 1.58513e-09-2.06140e-09 1.97563e-09 1.04194e-08
 1.86112e-08 2.19591e-08 1.75997e-08 5.60482e-09-1.07095e-08-2.58172e-08
-3.40803e-08-3.24930e-08-2.25367e-08-9.87602e-09-1.68706e-09-2.61468e-09
-1.15928e-08-2.22357e-08-2.72775e-08-2.40369e-08-1.62986e-08-1.05387e-08
-9.97974e-09-1.24662e-08-1.40450e-08-1.35021e-08-1.24355e-08-1.19226e-08
-1.12119e-08-9.73252e-09-8.28192e-09-7.48138e-09-6.76286e-09-5.67152e-09
-4.64675e-09-3.92034e-09-3.09427e-09-2.10781e-09-1.29272e-09-5.89270e-10
 1.86698e-10 8.39009e-10 1.27896e-09 1.70817e-09 2.11828e-09 2.40856e-09
 2.67826e-09 2.92152e-09 3.03288e-09 3.08778e-09 3.12402e-09 3.07011e-09
 2.97632e-09 2.87883e-09 2.73729e-09 2.59821e-09 2.47859e-09 2.34194e-09
 2.21913e-09 2.10155e-09 1.95991e-09 1.82357e-09 1.68149e-09 1.52650e-09
 1.38486e-09 1.24351e-09 1.10940e-09 9.94206e-10 8.83715e-10 7.88657e-10
 7.04300e-10 6.22436e-10 5.49831e-10 4.74376e-10 3.99027e-10 3.26231e-10
 2.52834e-10 1.89970e-10 1.37127e-10 9.96725e-11 8.05787e-11 7.49983e-11
 8.35670e-11 9.80612e-11 1.14560e-10 1.27410e-10 1.31420e-10 1.25716e-10
 1.07442e-10 7.92452e-11 4.23106e-11 1.00524e-12-4.06282e-11-7.87407e-11
-1.09209e-10-1.30561e-10-1.41929e-10-1.45506e-10-1.43666e-10-1.39592e-10
-1.35448e-10-1.32307e-10-1.29736e-10-1.26137e-10-1.19225e-10-1.06188e-10
-8.44519e-11-5.20160e-11-8.24494e-12 4.59853e-11 1.07879e-10 1.73248e-10
 2.36741e-10 2.92956e-10 3.37673e-10 3.69082e-10 3.88111e-10 3.97844e-10
 4.02235e-10 4.04795e-10 4.08006e-10 4.13008e-10 4.19407e-10 4.25177e-10
 4.26948e-10 4.20501e-10 4.01383e-10 3.66029e-10 3.12972e-10 2.43170e-10
 1.59287e-10 6.49565e-11-3.54804e-11-1.37421e-10-2.36848e-10-3.30876e-10
-4.17692e-10-4.96476e-10-5.67566e-10-6.32419e-10-6.93203e-10-7.52304e-10
-8.11798e-10-8.72926e-10-9.35740e-10-9.99027e-10-1.06047e-09-1.11711e-09
-1.16612e-09-1.20559e-09-1.23477e-09-1.25368e-09-1.26258e-09-1.26179e-09
-1.25206e-09-1.23480e-09-1.21175e-09-1.18427e-09-1.15281e-09-1.11659e-09
-1.07372e-09-1.02168e-09-9.58248e-10-8.82552e-10-7.96012e-10-7.02563e-10
-6.07944e-10-5.18412e-10-4.39667e-10-3.76249e-10-3.31204e-10-3.06065e-10
-3.01119e-10-3.15766e-10-3.48715e-10-3.97967e-10-4.60701e-10-5.33082e-10
-6.10243e-10-6.86489e-10-7.55582e-10-8.11175e-10-8.47317e-10-8.58737e-10
-8.40862e-10-7.89855e-10-7.02825e-10-5.78080e-10-4.15401e-10-2.16361e-10
 1.54990e-11 2.74935e-10 5.55586e-10 8.50728e-10 1.15403e-09 1.46002e-09
 1.76427e-09 2.06323e-09 2.35394e-09 2.63376e-09 2.90005e-09 3.15007e-09
 3.38104e-09 3.59025e-09 3.77523e-09 3.93378e-09 4.06380e-09 4.16329e-09
 4.23027e-09 4.26298e-09 4.26019e-09 4.22139e-09 4.14698e-09 4.03837e-09
 3.89772e-09 3.72760e-09 3.53070e-09 3.30984e-09 3.06849e-09 2.81109e-09
 2.54318e-09 2.27111e-09 2.00168e-09 1.74173e-09 1.49763e-09 1.27478e-09
 1.07710e-09 9.06671e-10 7.63334e-10 6.44829e-10 5.47383e-10 4.66572e-10
 3.98018e-10 3.37877e-10 2.83215e-10 2.32058e-10 1.82967e-10 1.34373e-10
 8.41399e-11 2.94288e-11-3.34086e-11-1.08945e-10-2.02598e-10-3.20231e-10
-4.67587e-10-6.49626e-10-8.69677e-10-1.12854e-09-1.42408e-09-1.75143e-09
-2.10373e-09-2.47304e-09-2.85135e-09-3.23143e-09-3.60745e-09-3.97524e-09
-4.33233e-09-4.67759e-09-5.01050e-09-5.33046e-09-5.63598e-09-5.92389e-09
-6.18874e-09-6.42259e-09-6.61543e-09-6.75605e-09-6.83325e-09-6.83730e-09
-6.76100e-09-6.60029e-09-6.35439e-09-6.02574e-09-5.61964e-09-5.14370e-09
-4.60724e-09-4.02057e-09-3.39427e-09-2.73853e-09-2.06306e-09-1.37736e-09
-6.91120e-10-1.44647e-11 6.41815e-10 1.26619e-09 1.84674e-09 2.37203e-09
 2.83201e-09 3.21869e-09 3.52664e-09 3.75347e-09 3.90023e-09 3.97153e-09
 3.97535e-09 3.92239e-09 3.82531e-09 3.69778e-09 3.55337e-09 3.40452e-09
 3.26195e-09 3.13429e-09 3.02819e-09 2.94857e-09 2.89902e-09 2.88217e-09
 2.90020e-09 2.95532e-09 3.05005e-09 3.18719e-09 3.36944e-09 3.59886e-09
 3.87630e-09 4.20079e-09 4.56890e-09 4.97450e-09 5.40875e-09 5.86061e-09
 6.31737e-09 6.76533e-09 7.19033e-09 7.57830e-09 7.91569e-09 8.18989e-09
 8.38946e-09 8.50414e-09 8.52470e-09 8.44260e-09 8.24970e-09 7.93800e-09
 7.49972e-09 6.92763e-09 6.21567e-09 5.35958e-09 4.35775e-09 3.21185e-09
 1.92723e-09 5.12888e-10-1.01884e-09-2.65280e-09-4.37173e-09-6.15685e-09
-7.98833e-09-9.84542e-09-1.17063e-08-1.35474e-08-1.53431e-08-1.70643e-08
-1.86782e-08-2.01473e-08-2.14298e-08-2.24793e-08-2.32466e-08-2.36805e-08
-2.37306e-08-2.33497e-08-2.24969e-08-2.11401e-08-1.92528e-08-1.68269e-08
-1.38785e-08-1.04462e-08-6.59861e-09-2.43118e-09 1.92213e-09 6.30777e-09
 1.05405e-08 1.44369e-08 1.77945e-08 2.04384e-08 2.21922e-08 2.29362e-08
 2.25746e-08 2.11033e-08 1.85786e-08 1.51835e-08 1.12042e-08 7.07850e-09
 3.37974e-09 8.37497e-10
     0.0000e+00     0.0000e+00      0  0  0.00
     512   0.50000  0.0000e+00
 1.50297e-09 2.09763e-09 1.66562e-09 1.64785e-09 1.31726e-09 1.21084e-09
 9.41741e-10 8.32742e-10 6.49638e-10 5.86088e-10 5.05899e-10 5.10901e-10
 5.32844e-10 6.08516e-10 7.15384e-10 8.47912e-10 1.01118e-09 1.17668e-09
 1.36313e-09 1.53461e-09 1.71368e-09 1.86792e-09 2.01826e-09 2.13517e-09
 2.24598e-09 2.34323e-09 2.43074e-09 2.51489e-09 2.60355e-09 2.70547e-09
 2.82952e-09 2.98361e-09 3.17291e-09 3.39810e-09 3.65422e-09 3.92935e-09
 4.20179e-09 4.43736e-09 4.58956e-09 4.60046e-09 4.40080e-09 3.91074e-09
 3.04505e-09 1.71857e-09-1.44871e-10-2.60355e-09-5.68494e-09-9.37360e-09
-1.35969e-08-1.82128e-08-2.29989e-08-2.76464e-08-3.17743e-08-3.49899e-08
-3.69378e-08-3.72688e-08-3.56664e-08-3.20190e-08-2.66013e-08-1.98568e-08
-1.21414e-08-3.90928e-09 4.05798e-09 1.09231e-08 1.61486e-08 1.94082e-08
 2.05746e-08 1.97438e-08 1.72681e-08 1.36926e-08 9.67413e-09 5.88735e-09
 2.87117e-09 9.59945e-10 2.08717e-10 4.72388e-10 1.45011e-09 2.73194e-09
 3.88418e-09 4.58808e-09 4.70609e-09 4.23037e-09 3.23731e-09 1.83729e-09
 1.88119e-10-1.50046e-09-2.97366e-09-3.95448e-09-4.16396e-09-3.34803e-09
-1.29653e-09 2.15906e-09 7.14670e-09 1.37367e-08 2.18985e-08 3.14477e-08
 4.20281e-08 5.31538e-08 6.42957e-08 7.48569e-08 8.40197e-08 9.07433e-08
 9.39487e-08 9.28351e-08 8.70682e-08 7.65977e-08 6.15389e-08 4.24617e-08
 2.03520e-08-3.81419e-09-2.91753e-08-5.46121e-08-7.85004e-08-9.92025e-08
-1.15452e-07-1.26415e-07-1.31678e-07-1.31146e-07-1.25180e-07-1.14524e-07
-1.00138e-07-8.32357e-08-6.50711e-08-4.68225e-08-2.95507e-08-1.40240e-08
-7.42184e-10 1.01311e-08 1.86192e-08 2.48110e-08 2.89182e-08 3.11029e-08
 3.16127e-08 3.07897e-08 2.91026e-08 2.71498e-08 2.55383e-08 2.47791e-08
 2.50597e-08 2.61732e-08 2.74764e-08 2.81071e-08 2.72935e-08 2.47265e-08
 2.08268e-08 1.67178e-08 1.37940e-08 1.29644e-08 1.40275e-08 1.55569e-08
 1.56659e-08 1.33204e-08 9.22989e-09 5.39303e-09 3.47611e-09 3.42121e-09
 3.71124e-09 3.03955e-09 1.51437e-09 8.93129e-11-8.14571e-10-1.58271e-09
-2.48919e-09-3.25409e-09-3.67357e-09-4.00758e-09-4.45439e-09-4.82531e-09
-4.99988e-09-5.14534e-09-5.31478e-09-5.36594e-09-5.30955e-09-5.25446e-09
-5.14682e-09-4.93562e-09-4.71096e-09-4.49019e-09-4.21364e-09-3.91612e-09
-3.62307e-09-3.29013e-09-2.94074e-09-2.60965e-09-2.26387e-09-1.91206e-09
-1.58206e-09-1.25215e-09-9.30662e-10-6.37110e-10-3.54661e-10-9.37124e-11
 1.35200e-10 3.47538e-10 5.32451e-10 6.87393e-10 8.24326e-10 9.33396e-10
 1.01871e-09 1.08590e-09 1.12700e-09 1.14927e-09 1.15266e-09 1.13551e-09
 1.10577e-09 1.06082e-09 1.00467e-09 9.40924e-10 8.67179e-10 7.88619e-10
 7.04261e-10 6.15717e-10 5.26268e-10 4.35153e-10 3.47302e-10 2.64049e-10
 1.88120e-10 1.22465e-10 6.74117e-11 2.51772e-11-5.45394e-12-2.43368e-11
-3.28332e-11-3.26645e-11-2.50562e-11-1.21304e-11 5.52264e-12 2.64098e-11
 5.01831e-11 7.62560e-11 1.04548e-10 1.34851e-10 1.66243e-10 1.97365e-10
 2.25971e-10 2.49597e-10 2.65503e-10 2.71550e-10 2.66076e-10 2.48170e-10
 2.17651e-10 1.75513e-10 1.23664e-10 6.44819e-11 3.17270e-13-6.67702e-11
-1.35093e-10-2.03320e-10-2.70305e-10-3.35246e-10-3.97642e-10-4.57071e-10
-5.12861e-10-5.64146e-10-6.09817e-10-6.48132e-10-6.76673e-10-6.93101e-10
-6.95715e-10-6.83172e-10-6.54409e-10-6.09385e-10-5.49367e-10-4.76128e-10
-3.91384e-10-2.97261e-10-1.96585e-10-9.22487e-11 1.34968e-11 1.19054e-10
 2.23176e-10 3.24708e-10 4.22301e-10 5.14208e-10 5.98416e-10 6.72820e-10
 7.35180e-10 7.83244e-10 8.15229e-10 8.30247e-10 8.28287e-10 8.10002e-10
 7.76822e-10 7.31144e-10 6.76030e-10 6.14592e-10 5.49766e-10 4.84476e-10
 4.21575e-10 3.63449e-10 3.11568e-10 2.66373e-10 2.27724e-10 1.95369e-10
 1.68723e-10 1.46387e-10 1.26231e-10 1.05842e-10 8.26515e-11 5.40005e-11
 1.74502e-11-2.89362e-11-8.64787e-11-1.55758e-10-2.36496e-10-3.27531e-10
-4.26712e-10-5.30726e-10-6.35306e-10-7.35720e-10-8.26994e-10-9.03966e-10
-9.61749e-10-9.96411e-10-1.00522e-09-9.86742e-10-9.41239e-10-8.71123e-10
-7.80885e-10-6.76756e-10-5.66465e-10-4.58953e-10-3.63930e-10-2.91254e-10
-2.50129e-10-2.48167e-10-2.90636e-10-3.80051e-10-5.16011e-10-6.95214e-10
-9.11627e-10-1.15685e-09-1.42066e-09-1.69171e-09-1.95798e-09-2.20725e-09
-2.42767e-09-2.60844e-09-2.74046e-09-2.81655e-09-2.83171e-09-2.78332e-09
-2.67129e-09-2.49798e-09-2.26791e-09-1.98748e-09-1.66440e-09-1.30717e-09
-9.24514e-10-5.25049e-10-1.16902e-10 2.92638e-10 6.97415e-10 1.09249e-09
 1.47393e-09 1.83842e-09 2.18295e-09 2.50452e-09 2.79968e-09 3.06445e-09
 3.29453e-09 3.48551e-09 3.63297e-09 3.73294e-09 3.78253e-09 3.78045e-09
 3.72713e-09 3.62482e-09 3.47785e-09 3.29244e-09 3.07610e-09 2.83691e-09
 2.58301e-09 2.32222e-09 2.06152e-09 1.80671e-09 1.56242e-09 1.33233e-09
 1.11918e-09 9.24879e-10 7.50870e-10 5.98530e-10 4.69255e-10 3.64386e-10
 2.85145e-10 2.32489e-10 2.06900e-10 2.08258e-10 2.35687e-10 2.87257e-10
 3.59822e-10 4.49216e-10 5.50509e-10 6.58067e-10 7.65667e-10 8.66820e-10
 9.55130e-10 1.02456e-09 1.06974e-09 1.08630e-09 1.07105e-09 1.02186e-09
 9.37613e-10 8.18293e-10 6.64908e-10 4.79424e-10 2.64795e-10 2.48888e-11
-2.35817e-10-5.12398e-10-7.99320e-10-1.09051e-09-1.37993e-09-1.66192e-09
-1.93106e-09-2.18202e-09-2.40996e-09-2.61100e-09-2.78200e-09-2.92026e-09
-3.02343e-09-3.08976e-09-3.11823e-09-3.10866e-09-3.06164e-09-2.97859e-09
-2.86169e-09-2.71392e-09-2.53888e-09-2.34056e-09-2.12329e-09-1.89180e-09
-1.65125e-09-1.40712e-09-1.16507e-09-9.30858e-10-7.10409e-10-5.09820e-10
-3.35145e-10-1.92103e-10-8.59651e-11-2.15387e-11-3.00869e-12-3.35841e-11
-1.15241e-10-2.48698e-10-4.33399e-10-6.67414e-10-9.47374e-10-1.26853e-09
-1.62480e-09-2.00889e-09-2.41240e-09-2.82604e-09-3.23971e-09-3.64264e-09
-4.02356e-09-4.37075e-09-4.67222e-09-4.91600e-09-5.09054e-09-5.18497e-09
-5.18939e-09-5.09535e-09-4.89614e-09-4.58691e-09-4.16465e-09-3.62818e-09
-2.97826e-09-2.21759e-09-1.35074e-09-3.84211e-10 6.73543e-10 1.81199e-09
 3.01851e-09 4.27839e-09 5.57497e-09 6.88958e-09 8.20152e-09 9.48787e-09
 1.07236e-08 1.18815e-08 1.29323e-08 1.38448e-08 1.45860e-08 1.51223e-08
 1.54199e-08 1.54466e-08 1.51726e-08 1.45727e-08 1.36220e-08 1.23064e-08
 1.06258e-08 8.59388e-09 6.24275e-09 3.62094e-09 8.01882e-10-2.12598e-09
-5.04641e-09-7.83584e-09-1.03472e-08-1.24424e-08-1.39739e-08-1.48284e-08
-1.49079e-08-1.41802e-08-1.26620e-08-1.04675e-08-7.79443e-09-4.95797e-09
-2.37763e-09-5.88873e-10
     0.0000e+00     0.0000e+00      0  0  0.00
     512   0.50000  0.0000e+00
 8.47621e-10 1.04928e-09 6.29170e-10 4.31971e-10 3.95397e-11-2.29294e-10
-5.95521e-10-8.64214e-10-1.16937e-09-1.39231e-09-1.61157e-09-1.76290e-09
-1.88552e-09-1.95366e-09-1.97994e-09-1.96463e-09-1.90543e-09-1.81877e-09
-1.69666e-09-1.56307e-09-1.40992e-09-1.26147e-09-1.11170e-09-9.83840e-10
-8.67704e-10-7.73588e-10-7.04210e-10-6.59965e-10-6.39451e-10-6.39723e-10
-6.56687e-10-6.85187e-10-7.18489e-10-7.47387e-10-7.59604e-10-7.40339e-10
-6.71341e-10-5.30020e-10-2.90992e-10 7.31736e-11 5.86847e-10 1.26711e-09
 2.11925e-09 3.13341e-09 4.27953e-09 5.50355e-09 6.72415e-09 7.83115e-09
 8.68668e-09 9.12767e-09 8.97467e-09 8.04108e-09 6.16970e-09 3.31239e-09
-4.03133e-10-4.70786e-09-9.26760e-09-1.36921e-08-1.73192e-08-1.94037e-08
-1.94722e-08-1.73715e-08-1.35131e-08-8.58168e-09-3.15292e-09 2.23234e-09
 7.05686e-09 1.08583e-08 1.33275e-08 1.43438e-08 1.39543e-08 1.23792e-08
 9.99745e-09 7.30887e-09 4.81971e-09 2.83653e-09 1.41030e-09 4.19224e-10
-3.27757e-10-9.78321e-10-1.63010e-09-2.34342e-09-3.13387e-09-3.97586e-09
-4.79667e-09-5.47506e-09-5.83515e-09-5.66172e-09-4.72020e-09-2.80418e-09
 2.12190e-10 4.35726e-09 9.57104e-09 1.57025e-08 2.24804e-08 2.94853e-08
 3.61449e-08 4.18076e-08 4.58387e-08 4.75889e-08 4.62757e-08 4.11119e-08
 3.16081e-08 1.77619e-08-9.17430e-11-2.14617e-08-4.54341e-08-7.04046e-08
-9.43340e-08-1.15087e-07-1.30204e-07-1.36894e-07-1.32994e-07-1.17892e-07
-9.23153e-08-5.79093e-08-1.74933e-08 2.48497e-08 6.46043e-08 9.76643e-08
 1.20249e-07 1.29473e-07 1.24697e-07 1.07329e-07 8.02172e-08 4.81084e-08
 1.65938e-08-9.49749e-09-2.61912e-08-3.16416e-08-2.68087e-08-1.46314e-08
 1.56371e-10 1.25470e-08 1.85522e-08 1.62614e-08 6.54372e-09-7.34532e-09
-2.05995e-08-2.86110e-08-2.84994e-08-2.03589e-08-7.35160e-09 5.34114e-09
 1.25476e-08 1.14212e-08 2.98286e-09-8.01646e-09-1.53948e-08-1.50138e-08
-7.51797e-09 1.89947e-09 7.07993e-09 5.51369e-09 5.11692e-11-4.05610e-09
-4.07280e-09-1.62453e-09 1.76399e-10 4.31455e-10 4.73597e-10 1.09707e-09
 1.54520e-09 1.29338e-09 1.04556e-09 1.33959e-09 1.66435e-09 1.63117e-09
 1.64706e-09 1.90107e-09 2.00429e-09 1.89282e-09 1.86226e-09 1.83705e-09
 1.64017e-09 1.46716e-09 1.41115e-09 1.29231e-09 1.13517e-09 1.04140e-09
 9.09075e-10 7.40715e-10 6.38643e-10 5.30382e-10 3.86544e-10 2.86771e-10
 1.89278e-10 7.11461e-11-1.19723e-11-9.45036e-11-1.85102e-10-2.45607e-10
-3.12238e-10-3.81968e-10-4.30101e-10-4.89528e-10-5.47689e-10-5.94145e-10
-6.50621e-10-6.96233e-10-7.32150e-10-7.66167e-10-7.81455e-10-7.90223e-10
-7.90350e-10-7.78211e-10-7.67280e-10-7.50591e-10-7.35159e-10-7.23609e-10
-7.08665e-10-6.95302e-10-6.74865e-10-6.46947e-10-6.12721e-10-5.69671e-10
-5.24763e-10-4.77396e-10-4.32139e-10-3.90260e-10-3.51072e-10-3.16050e-10
-2.82385e-10-2.51459e-10-2.21350e-10-1.92240e-10-1.62926e-10-1.31689e-10
-9.80637e-11-6.10655e-11-2.24141e-11 1.64376e-11 5.25544e-11 8.37187e-11
 1.07636e-10 1.22912e-10 1.29133e-10 1.26932e-10 1.17856e-10 1.03849e-10
 8.69923e-11 6.89788e-11 5.16138e-11 3.64680e-11 2.46534e-11 1.56643e-11
 7.33371e-12-3.59026e-12-1.98222e-11-4.25535e-11-7.12749e-11-1.04234e-10
-1.39212e-10-1.73951e-10-2.06188e-10-2.33398e-10-2.53124e-10-2.63895e-10
-2.65879e-10-2.60834e-10-2.51406e-10-2.40231e-10-2.29233e-10-2.19278e-10
-2.09972e-10-1.99500e-10-1.85090e-10-1.64127e-10-1.35135e-10-9.77952e-11
-5.22072e-11 1.46938e-12 6.27565e-11 1.30633e-10 2.03384e-10 2.78540e-10
 3.53176e-10 4.24662e-10 4.91483e-10 5.53544e-10 6.11700e-10 6.66561e-10
 7.17444e-10 7.62487e-10 7.99839e-10 8.28844e-10 8.50145e-10 8.65046e-10
 8.74928e-10 8.80906e-10 8.83798e-10 8.84379e-10 8.84071e-10 8.85817e-10
 8.94444e-10 9.16134e-10 9.56944e-10 1.02110e-09 1.11004e-09 1.22224e-09
 1.35366e-09 1.49823e-09 1.64868e-09 1.79738e-09 1.93682e-09 2.05985e-09
 2.15957e-09 2.22914e-09 2.26203e-09 2.25270e-09 2.19761e-09 2.09602e-09
 1.94997e-09 1.76369e-09 1.54292e-09 1.29472e-09 1.02754e-09 7.51402e-10
 4.77674e-10 2.18289e-10-1.55506e-11-2.14647e-10-3.72881e-10-4.88135e-10
-5.62763e-10-6.03409e-10-6.20408e-10-6.26934e-10-6.37803e-10-6.67979e-10
-7.31066e-10-8.38251e-10-9.97927e-10-1.21563e-09-1.49383e-09-1.83153e-09
-2.22373e-09-2.66138e-09-3.13177e-09-3.61934e-09-4.10680e-09-4.57647e-09
-5.01178e-09-5.39844e-09-5.72510e-09-5.98355e-09-6.16883e-09-6.27955e-09
-6.31819e-09-6.29099e-09-6.20698e-09-6.07647e-09-5.90955e-09-5.71490e-09
-5.49889e-09-5.26510e-09-5.01420e-09-4.74429e-09-4.45153e-09-4.13133e-09
-3.77972e-09-3.39465e-09-2.97700e-09-2.53092e-09-2.06372e-09-1.58518e-09
-1.10647e-09-6.38769e-10-1.91973e-10 2.26131e-10 6.10392e-10 9.58837e-10
 1.27314e-09 1.55858e-09 1.82339e-09 2.07735e-09 2.33015e-09 2.58967e-09
 2.86089e-09 3.14546e-09 3.44199e-09 3.74677e-09 4.05443e-09 4.35857e-09
 4.65257e-09 4.93040e-09 5.18729e-09 5.42005e-09 5.62735e-09 5.80980e-09
 5.96977e-09 6.11081e-09 6.23673e-09 6.35040e-09 6.45276e-09 6.54242e-09
 6.61592e-09 6.66810e-09 6.69249e-09 6.68160e-09 6.62734e-09 6.52164e-09
 6.35740e-09 6.12964e-09 5.83652e-09 5.47964e-09 5.06367e-09 4.59559e-09
 4.08390e-09 3.53789e-09 2.96692e-09 2.38004e-09 1.78585e-09 1.19251e-09
 6.07582e-10 3.76708e-11-5.11766e-10-1.03610e-09-1.53062e-09-1.98984e-09
-2.40752e-09-2.77738e-09-3.09387e-09-3.35281e-09-3.55210e-09-3.69217e-09
-3.77608e-09-3.80952e-09-3.80041e-09-3.75849e-09-3.69466e-09-3.62017e-09
-3.54545e-09-3.47890e-09-3.42618e-09-3.39008e-09-3.37081e-09-3.36677e-09
-3.37549e-09-3.39470e-09-3.42319e-09-3.46108e-09-3.50967e-09-3.57099e-09
-3.64730e-09-3.74050e-09-3.85154e-09-3.97972e-09-4.12204e-09-4.27304e-09
-4.42506e-09-4.56894e-09-4.69500e-09-4.79412e-09-4.85865e-09-4.88289e-09
-4.86309e-09-4.79714e-09-4.68398e-09-4.52287e-09-4.31284e-09-4.05220e-09
-3.73848e-09-3.36838e-09-2.93811e-09-2.44400e-09-1.88346e-09-1.25598e-09
-5.63893e-10 1.87367e-10 9.89630e-10 1.83268e-09 2.70511e-09 3.59533e-09
 4.49234e-09 5.38623e-09 6.26810e-09 7.12951e-09 7.96177e-09 8.75507e-09
 9.49765e-09 1.01751e-08 1.07698e-08 1.12614e-08 1.16270e-08 1.18426e-08
 1.18840e-08 1.17286e-08 1.13566e-08 1.07521e-08 9.90025e-09 8.79391e-09
 7.43516e-09 5.83440e-09 4.01421e-09 2.00898e-09-1.27455e-10-2.32867e-09
-4.50670e-09-6.56735e-09-8.39947e-09-9.89952e-09-1.09590e-08-1.14968e-08
-1.14466e-08-1.07937e-08-9.56118e-09-7.84506e-09-5.80066e-09-3.66577e-09
-1.74798e-09-4.31640e-10
     0.0000e+00     0.0000e+00      0  0  0.00
     512   0.50000  0.0000e+00
-1.95522e-10-5.86049e-10-9.60145e-10-1.42113e-09-1.89368e-09-2.39998e-09
-2.88904e-09-3.36055e-09-3.78059e-09-4.14503e-09-4.43907e-09-4.66237e-09
-4.81455e-09-4.89757e-09-4.91847e-09-4.87977e-09-4.79158e-09-4.65693e-09
-4.48673e-09-4.28448e-09-4.05994e-09-3.81650e-09-3.56208e-09-3.29941e-09
-3.03553e-09-2.77662e-09-2.52973e-09-2.30315e-09-2.10646e-09-1.95041e-09
-1.84631e-09-1.80515e-09-1.83592e-09-1.94356e-09-2.12680e-09-2.37519e-09
-2.66593e-09-2.96061e-09-3.20318e-09-3.31896e-09-3.21193e-09-2.76408e-09
-1.84133e-09-3.02219e-10 1.99157e-09 5.15968e-09 9.28610e-09 1.43968e-08
 2.04395e-08 2.72587e-08 3.45785e-08 4.19835e-08 4.89222e-08 5.47361e-08
 5.87332e-08 6.02238e-08 5.85992e-08 5.34952e-08 4.48670e-08 3.30013e-08
 1.85155e-08 2.48341e-09-1.33906e-08-2.73136e-08-3.81188e-08-4.50730e-08
-4.78077e-08-4.64677e-08-4.16838e-08-3.45073e-08-2.62263e-08-1.82071e-08
-1.16166e-08-7.12522e-09-4.83373e-09-4.40360e-09-5.26400e-09-6.74176e-09
-8.18434e-09-9.11212e-09-9.25022e-09-8.54681e-09-7.15583e-09-5.34677e-09
-3.44888e-09-1.84301e-09-9.44234e-10-1.16625e-09-2.88965e-09-6.40252e-09
-1.18470e-08-1.92017e-08-2.83065e-08-3.88697e-08-5.04491e-08-6.24030e-08
-7.39057e-08-8.40917e-08-9.23041e-08-9.80021e-08-1.00320e-07-9.80208e-08
-8.99389e-08-7.58333e-08-5.67021e-08-3.39609e-08-9.02720e-09 1.61543e-08
 3.96544e-08 6.06349e-08 7.92330e-08 9.52274e-08 1.07337e-07 1.14545e-07
 1.16913e-07 1.15528e-07 1.12190e-07 1.08565e-07 1.05943e-07 1.04842e-07
 1.04694e-07 1.04300e-07 1.01827e-07 9.52952e-08 8.32507e-08 6.49572e-08
 4.09926e-08 1.30554e-08-1.59487e-08-4.21986e-08-6.21109e-08-7.27927e-08
-7.31870e-08-6.44577e-08-4.98935e-08-3.42588e-08-2.24524e-08-1.81914e-08
-2.26024e-08-3.38168e-08-4.72841e-08-5.73595e-08-5.93771e-08-5.16755e-08
-3.66855e-08-2.03130e-08-9.47263e-09-8.50398e-09-1.64891e-08-2.71599e-08
-3.24198e-08-2.77435e-08-1.56138e-08-3.67430e-09 1.48749e-09-3.80855e-10
-4.01147e-09-4.55477e-09-1.98043e-09 6.80004e-10 1.97792e-09 3.07509e-09
 4.78820e-09 6.15307e-09 6.48506e-09 6.63557e-09 7.26986e-09 7.79903e-09
 7.84497e-09 7.94586e-09 8.26518e-09 8.33359e-09 8.16676e-09 8.09320e-09
 7.92829e-09 7.50433e-09 7.10532e-09 6.78230e-09 6.33806e-09 5.86997e-09
 5.44419e-09 4.91013e-09 4.33512e-09 3.82325e-09 3.26657e-09 2.68955e-09
 2.17724e-09 1.65897e-09 1.15771e-09 7.30220e-10 3.19150e-10-4.82251e-11
-3.45115e-10-6.25136e-10-8.58513e-10-1.04063e-09-1.21035e-09-1.33679e-09
-1.43191e-09-1.51192e-09-1.55071e-09-1.56901e-09-1.56370e-09-1.52627e-09
-1.47823e-09-1.40909e-09-1.32977e-09-1.25023e-09-1.16187e-09-1.07827e-09
-9.91747e-10-9.01495e-10-8.11707e-10-7.14004e-10-6.17511e-10-5.20828e-10
-4.27959e-10-3.44415e-10-2.68703e-10-2.06651e-10-1.54863e-10-1.14954e-10
-8.44905e-11-6.04750e-11-4.13951e-11-2.26291e-11-4.24218e-12 1.57987e-11
 3.48910e-11 5.03875e-11 5.78522e-11 5.32651e-11 3.50437e-11 3.57197e-12
-3.72658e-11-8.21214e-11-1.23707e-10-1.55295e-10-1.70910e-10-1.66936e-10
-1.41971e-10-9.76042e-11-3.76773e-11 3.24391e-11 1.06790e-10 1.79536e-10
 2.45627e-10 3.01725e-10 3.46535e-10 3.81205e-10 4.08668e-10 4.32561e-10
 4.55810e-10 4.80107e-10 5.05706e-10 5.31199e-10 5.53566e-10 5.68879e-10
 5.72970e-10 5.61417e-10 5.29949e-10 4.75910e-10 3.99341e-10 3.02665e-10
 1.90043e-10 6.70982e-11-5.99033e-11-1.85687e-10-3.07029e-10-4.22570e-10
-5.32134e-10-6.36223e-10-7.35511e-10-8.30184e-10-9.19467e-10-1.00155e-09
-1.07363e-09-1.13233e-09-1.17457e-09-1.19839e-09-1.20325e-09-1.18993e-09
-1.16043e-09-1.11795e-09-1.06641e-09-1.00979e-09-9.51620e-10-8.94689e-10
-8.40603e-10-7.89380e-10-7.39555e-10-6.88733e-10-6.34431e-10-5.74681e-10
-5.07924e-10-4.32505e-10-3.46663e-10-2.48889e-10-1.37832e-10-1.21921e-11
 1.28972e-10 2.85833e-10 4.57503e-10 6.41836e-10 8.35355e-10 1.03357e-09
 1.23150e-09 1.42411e-09 1.60674e-09 1.77537e-09 1.92640e-09 2.05633e-09
 2.16198e-09 2.24119e-09 2.29312e-09 2.31826e-09 2.31848e-09 2.29707e-09
 2.25836e-09 2.20755e-09 2.15103e-09 2.09661e-09 2.05324e-09 2.03038e-09
 2.03703e-09 2.08047e-09 2.16527e-09 2.29275e-09 2.46090e-09 2.66479e-09
 2.89723e-09 3.14955e-09 3.41218e-09 3.67510e-09 3.92783e-09 4.15929e-09
 4.35767e-09 4.51083e-09 4.60672e-09 4.63383e-09 4.58168e-09 4.44147e-09
 4.20681e-09 3.87418e-09 3.44330e-09 2.91742e-09 2.30346e-09 1.61212e-09
 8.57603e-10 5.70954e-11-7.70314e-10-1.60505e-09-2.42834e-09-3.22321e-09
-3.97495e-09-4.67151e-09-5.30380e-09-5.86572e-09-6.35380e-09-6.76669e-09
-7.10468e-09-7.36910e-09-7.56174e-09-7.68454e-09-7.73988e-09-7.73086e-09
-7.66130e-09-7.53588e-09-7.36033e-09-7.14116e-09-6.88511e-09-6.59863e-09
-6.28782e-09-5.95836e-09-5.61542e-09-5.26348e-09-4.90655e-09-4.54856e-09
-4.19371e-09-3.84646e-09-3.51164e-09-3.19435e-09-2.89934e-09-2.63021e-09
-2.38887e-09-2.17515e-09-1.98661e-09-1.81866e-09-1.66503e-09-1.51832e-09
-1.37065e-09-1.21448e-09-1.04325e-09-8.51632e-10-6.35746e-10-3.93350e-10
-1.23878e-10 1.71897e-10 4.92407e-10 8.35865e-10 1.20079e-09 1.58631e-09
 1.99193e-09 2.41685e-09 2.85919e-09 3.31560e-09 3.78065e-09 4.24657e-09
 4.70319e-09 5.13813e-09 5.53704e-09 5.88460e-09 6.16617e-09 6.36970e-09
 6.48689e-09 6.51413e-09 6.45298e-09 6.30995e-09 6.09500e-09 5.81977e-09
 5.49626e-09 5.13605e-09 4.74937e-09 4.34450e-09 3.92760e-09 3.50283e-09
 3.07287e-09 2.63959e-09 2.20474e-09 1.77060e-09 1.34044e-09 9.18673e-10
 5.10609e-10 1.21837e-10-2.42514e-10-5.78350e-10-8.82985e-10-1.15534e-09
-1.39607e-09-1.60733e-09-1.79225e-09-1.95403e-09-2.09509e-09-2.21645e-09
-2.31725e-09-2.39448e-09-2.44324e-09-2.45746e-09-2.43101e-09-2.35871e-09
-2.23723e-09-2.06578e-09-1.84619e-09-1.58281e-09-1.28217e-09-9.52462e-10
-6.02910e-10-2.43180e-10 1.17220e-10 4.69482e-10 8.05857e-10 1.11973e-09
 1.40551e-09 1.65858e-09 1.87518e-09 2.05229e-09 2.18752e-09 2.27925e-09
 2.32697e-09 2.33154e-09 2.29568e-09 2.22437e-09 2.12513e-09 2.00781e-09
 1.88382e-09 1.76485e-09 1.66124e-09 1.58039e-09 1.52535e-09 1.49397e-09
 1.47837e-09 1.46513e-09 1.43580e-09 1.36788e-09 1.23595e-09 1.01308e-09
 6.72467e-10 1.89685e-10-4.54526e-10-1.26996e-09-2.24766e-09-3.36051e-09
-4.55956e-09-5.76643e-09-6.87491e-09-7.75458e-09-8.27485e-09-8.31762e-09
-7.81101e-09-6.73196e-09-5.13502e-09-3.13320e-09-9.14649e-10 1.29994e-09
 3.25426e-09 4.71699e-09 5.49072e-09 5.47765e-09 4.69439e-09 3.32148e-09
 1.71357e-09 4.14656e-10
