.F.                                                                             
    0   64                                                                      
GREEN.1
    6.0      8.00       1  512 1024    0.500     8    1
    1    1    1    1    1    1    1    1    1    1    0                         
 0.1000E+01 0.3200E+01 0.1500E+01 0.2280E+01   600.00    300.00
 0.2000E+01 0.4500E+01 0.2400E+01 0.2280E+01   600.00    300.00
 0.1000E+01 0.4800E+01 0.2780E+01 0.2580E+01   600.00    300.00
 0.1000E+01 0.5510E+01 0.3180E+01 0.2580E+01   600.00    300.00
 0.0300E+02 0.6210E+01 0.3400E+01 0.2680E+01   600.00    300.00
 0.0900E+02 0.6210E+01 0.3400E+01 0.2680E+01   600.00    300.00
 0.8000E+01 0.6890E+01 0.3980E+01 0.3000E+01   600.00    300.00
 0.6000E+02 0.7830E+01 0.4520E+01 0.3260E+01   600.00    300.00
    6                                                                           
  0.4000000E+03  1.500000E+00         0
   16  10000.0     30.0      1.2       1.0
  125.00      0.0       8.0
  130.00      0.0       8.0
  135.00      0.0       8.0
  140.00      0.0       8.0
  145.00      0.0       8.0
  150.00      0.0       8.0
  155.00      0.0       8.0
  160.00      0.0       8.0
  165.00      0.0       8.0
  170.00      0.0       8.0
  175.00      0.0       8.0
  180.00      0.0       8.0
  185.00      0.0       8.0
  190.00      0.0       8.0
  195.00      0.0       8.0
  200.00      0.0       8.0
